 70
 -4614
 989
 614
 7589
 -1388
 3590
 -6684
 -874
 -1096
 2731
 7028
 -3599
 -6795
 5444
 949
 -6876
 -3830
 3222
 -1080
 541
 4894
 -7189
 3820
 7779
 6264
 -7851
 -1609
 2818
 4643
 -1297
 4397
 6865
 921
 4725
 632
 -4108
 -3668
 -7987
 -5895
 -1941
 -3342
 7712
 7909
 -802
 4822
 -5153
 7685
 5003
 -4780
 -3877
 -5672
 2306
 268
 465
 1739
 4820
 7709
 1370
 -1688
 6099
 7902
 370
 -7068
 -4111
 7824
 -4523
 -4954
 368
 -7235
 -5288
 1757
 -2357
 -2755
 -6367
 -91
 6932
 -7437
 3445
 -2410
 242
 2836
 6109
 -3691
 -3403
 -1083
 1681
 2477
 -2960
 -4058
 -4441
 -7385
 1675
 -7506
 -64
 -1733
 -2469
 -4695
 7021
 -1529
 -444
 -1637
 5357
 7045
 -6366
 -4029
 -3808
 3498
 -1793
 5023
 2348
 6809
 -3252
 -5634
 -5345
 -7434
 1347
 -6155
 -5582
 -4031
 7598
 -7378
 -2612
 1525
 -841
 -4541
 -5784
 5237
 4163
 7367
 -56
 4030
 2704
 5840
 5417
 3242
 -4405
 6867
 -2725
 -566
 -6760
 6348
 5599
 -6879
 4975
 1969
 -6709
 4061
 19
 1308
 166
 2078
 -2280
 2406
 -4434
 3238
 -7739
 -5311
 -3663
 5221
 7325
 4260
 -4228
 5548
 4553
 -292
 -4067
 -2977
 -949
 -692
 451
 -1553
 -7247
 -4463
 3308
 -4968
 3948
 -2907
 -7603
 7298
 6529
 5913
 -7596
 -2620
 5907
 4800
 -411
 1113
 -5409
 -743
 2716
 1558
 7324
 7144
 -3567
 7176
 -6643
 4142
 6281
 -7463
 -2858
 1806
 -7598
 7208
 5388
 1280
 -6941
 4216
 4858
 -1664
 -785
 -7147
 -7755
 -905
 5882
 2571
 -4437
 -5688
 -89
 3880
 4727
 -2146
 -6758
 -2136
 3573
 -4052
 -4928
 -685
 3650
 -4509
 3048
 2604
 1543
 3693
 7816
 -6291
 -1484
 -5177
 7457
 -872
 7931
 7103
 5656
 -5038
 -2525
 -3524
 -7157
 -6275
 -6845
 -5701
 -658
 1846
 1127
 -2141
 6347
 -3533
 -2981
 1586
 -6882
 -3024
 -7653
 -6402
 2040
 -7144
 7475
 -1699
 -5821
 -2572
 -859
 6861
 3759
 287
 1700
 -5749
 -1680
 -6031
 -341
 3582
 4168
 -2323
 -5521
 7041
 338
 502
 5094
 1266
 -4664
 -2037
 -4637
 -2007
 3273
 -1898
 -7436
 -6185
 -2343
 -7341
 -6714
 5346
 -5636
 4245
 -4765
 889
 7877
 797
 4280
 -1250
 6924
 4588
 2670
 -6526
 -981
 7731
 -4355
 2123
 -4710
 -3819
 3749
 -2143
 -1420
 -4342
 1633
 -1709
 6332
 3908
 -3771
 1651
 7508
 1506
 4699
 1665
 -7519
 -4737
 5318
 -2102
 2073
 7929
 -2292
 -7362
 -565
 4039
 3515
 -504
 5939
 336
 -4505
 -7489
 -5550
 6894
 2206
 7846
 -3230
 781
 -5496
 -1569
 845
 490
 4422
 7700
 744
 5270
 1959
 -6307
 -4344
 1657
 995
 7627
 1781
 -7532
 -5356
 253
 -3329
 -2061
 -2943
 -6977
 6215
 2226
 -4398
 5340
 -1967
 5933
 6511
 -1027
 467
 -5757
 -626
 -5989
 -5058
 -12
 -6205
 -7549
 -675
 4870
 1718
 7026
 -3701
 -2472
 3684
 -6101
 -4892
 2635
 3955
 -7217
 -4364
 6268
 675
 -7218
 -260
 -1911
 -4207
 -5942
 3834
 -2894
 2594
 -270
 -5607
 -6474
 2500
 7248
 7124
 3856
 3505
 -4757
 -4561
 7178
 819
 3883
 -4842
 7179
 2303
 6643
 905
 6188
 2334
 2547
 -4977
 -7580
 -1186
 1646
 6283
 -5310
 -983
 -3790
 -894
 3328
 -7827
 289
 1709
 -1716
 -447
 -3154
 3017
 -3277
 -3509
 38
 -7272
 868
 -3805
 792
 -7452
 -4730
 -1737
 -2731
 -7541
 4983
 2809
 -7074
 4144
 -2556
 -3873
 4558
 -2727
 5399
 -5810
 -5524
 -6349
 7198
 -5237
 3176
 -6136
 7289
 7927
 5728
 5799
 -5868
 -3807
 1574
 2227
 1579
 -6086
 -3878
 1588
 -4159
 5804
 2997
 -3867
 -4439
 7224
 2645
 2271
 -7628
 6142
 2484
 4565
 617
 7148
 6526
 3282
 7229
 -4120
 2656
 -5631
 -5267
 -678
 6352
 722
 4989
 -745
 -5678
 -6809
 1077
 -1501
 -7619
 2060
 6935
 -4034
 -4537
 3136
 1089
 4830
 7376
 -1302
 -5596
 6088
 -4270
 -1825
 6043
 -5226
 7660
 2317
 -1295
 7400
 -1946
 -819
 7913
 -96
 -4174
 -344
 2654
 -4883
 -2611
 2814
 1903
 -7573
 -3016
 -7482
 -5908
 5314
 -2466
 5852
 -3562
 -1809
 -7320
 3539
 7115
 -5352
 -6996
 7482
 2720
 -3536
 -454
 5901
 3695
 -4652
 -2569
 -212
 -6009
 6843
 -4322
 3725
 -3486
 3495
 3459
 1638
 -1760
 -7395
 -3676
 2355
 1041
 -662
 1372
 7214
 2739
 4065
 -2479
 6148
 6772
 -3218
 125
 7513
 1049
 -1536
 6129
 -4635
 2085
 -5117
 191
 -1739
 533
 607
 -5249
 3023
 7486
 4382
 -5938
 -5661
 4094
 5822
 5025
 6213
 -2669
 -5668
 6125
 714
 -5251
 -3466
 2903
 -6470
 -3563
 2062
 7579
 -3954
 -3089
 3464
 -6614
 -2085
 -606
 -3908
 -6231
 2385
 -4629
 -7561
 -6601
 4269
 2043
 2069
 3951
 -2476
 4966
 1562
 6224
 -1255
 -2166
 2751
 2867
 -5230
 3597
 1938
 3002
 63
 -7891
 4128
 -7267
 -4024
 2068
 2084
 -156
 1406
 3845
 -1367
 4778
 3899
 1615
 2326
 -7672
 5789
 -3956
 2763
 -911
 -4492
 -4687
 7389
 3138
 -3442
 -6164
 7843
 3928
 603
 -4518
 -5061
 -3308
 7783
 -1987
 6157
 4464
 1095
 -6946
 3914
 -3422
 -4995
 1368
 -6063
 2713
 -6154
 473
 1359
 6386
 7459
 -356
 -846
 3859
 -1437
 1689
 -1670
 6672
 7773
 4638
 -300
 2091
 6689
 -2208
 -5549
 6070
 -1662
 7917
 6275
 9
 -7917
 -3750
 -6916
 -3503
 -4094
 7911
 7977
 6576
 -6286
 -5120
 -5437
 3310
 -5265
 -7109
 2066
 -7014
 4545
 -929
 1782
 -6371
 -5004
 3513
 5838
 -6525
 -6465
 -7940
 6798
 858
 4574
 -1627
 4976
 -5630
 1504
 4211
 -1866
 5253
 -6471
 -7098
 4627
 -4208
 6534
 5101
 708
 1279
 5028
 596
 5501
 2426
 -6129
 -6385
 -1644
 -5709
 3985
 -4734
 -2602
 5118
 4086
 -1572
 1553
 -2207
 -1560
 5468
 5811
 230
 3322
 -2834
 4134
 -928
 1457
 -4745
 5373
 3058
 7584
 -533
 -6746
 7726
 -4764
 2937
 -2132
 -5020
 -7706
 3423
 3361
 -449
 6681
 1312
 3682
 -3428
 -5140
 5404
 4928
 -758
 -3806
 -6113
 -5076
 2888
 -2272
 131
 -5746
 6968
 -3561
 -7926
 1977
 -6665
 1826
 -3199
 -2562
 1034
 577
 3404
 392
 -2383
 -736
 7830
 2993
 2147
 -5182
 -6632
 5168
 -4443
 -3530
 -3162
 -2721
 6219
 4614
 -5964
 -2225
 6199
 876
 -1763
 5106
 -2044
 -6639
 5783
 3381
 176
 3398
 5385
 4736
 32
 -7593
 -2617
 736
 3722
 7303
 85
 3904
 -4776
 1560
 -6364
 -6017
 -4707
 5954
 7096
 -1503
 -2761
 606
 3096
 5704
 -6735
 -5561
 3843
 -5544
 6901
 -2124
 5229
 -6436
 -375
 650
 -2043
 3424
 -6576
 372
 1828
 -4112
 -3406
 7216
 2939
 7241
 -2539
 4407
 1787
 4339
 6381
 86
 2539
 -789
 -5608
 -108
 6499
 -6516
 -6370
 5292
 -596
 7546
 7283
 -5954
 -2640
 -7270
 -5227
 -2817
 -2706
 3537
 3760
 809
 -5179
 2384
 4354
 3822
 -2474
 217
 -1199
 -5147
 -669
 -4880
 1468
 -1602
 3626
 817
 -155
 706
 5049
 -4686
 4117
 -3306
 7088
 1948
 -4584
 1950
 -5413
 -1568
 971
 1867
 -631
 -6456
 -5053
 3531
 4893
 -812
 -550
 1252
 4318
 -1029
 -7027
 -2680
 -1195
 -1473
 334
 352
 2931
 -1082
 -4701
 -6019
 859
 5234
 -1130
 7496
 6666
 -3005
 5707
 -1138
 3253
 -4540
 5719
 -6627
 5558
 -5319
 -7880
 -3992
 -2083
 872
 2428
 3437
 -3389
