 70
 -4614
 989
 614
 7589
 -1388
 3590
 -6684
 -874
 -1096
 2731
 7028
 -3599
 -6795
 5444
 949
 -6876
 -3830
 3222
 -1080
 541
 4894
 -7189
 3820
 7779
 6264
 -7851
 -1609
 2818
 4643
 -1297
 4397
 6865
 921
 4725
 632
 -4108
 -3668
 -7987
 -5895
 -1941
 -3342
 7712
 7909
 -802
 4822
 -5153
 7685
 5003
 -4780
 -3877
 -5672
 2306
 268
 465
 1739
 4820
 7709
 1370
 -1688
 6099
 7902
 370
 -7068
 -4111
 7824
 -4523
 -4954
 368
 -7235
 -5288
 1757
 -2357
 -2755
 -6367
 -91
 6932
 -7437
 3445
 -2410
 242
 2836
 6109
 -3691
 -3403
 -1083
 1681
 2477
 -2960
 -4058
 -4441
 -7385
 1675
 -7506
 -64
 -1733
 -2469
 -4695
 7021
 -1529
 -444
 -1637
 5357
 7045
 -6366
 -4029
 -3808
 3498
 -1793
 5023
 2348
 6809
 -3252
 -5634
 -5345
 -7434
 1347
 -6155
 -5582
 -4031
 7598
 -7378
 -2612
 1525
 -841
 -4541
 -5784
 5237
 4163
 7367
 -56
 4030
 2704
 5840
 5417
 3242
 -4405
 6867
 -2725
 -566
 -6760
 6348
 5599
 -6879
 4975
 1969
 -6709
 4061
 19
 1308
 166
 2078
 -2280
 2406
 -4434
 3238
 -7739
 -5311
 -3663
 5221
 7325
 4260
 -4228
 5548
 4553
 -292
 -4067
 -2977
 -949
 -692
 451
 -1553
 -7247
 -4463
 3308
 -4968
 3948
 -2907
 -7603
 7298
 6529
 5913
 -7596
 -2620
 5907
 4800
 -411
 1113
 -5409
 -743
 2716
 1558
 7324
 7144
 -3567
 7176
 -6643
 4142
 6281
 -7463
 -2858
 1806
 -7598
 7208
 5388
 1280
 -6941
 4216
 4858
 -1664
 -785
 -7147
 -7755
 -905
 5882
 2571
 -4437
 -5688
 -89
 3880
 4727
 -2146
 -6758
 -2136
 3573
 -4052
 -4928
 -685
 3650
 -4509
 3048
 2604
 1543
 3693
 7816
 -6291
 -1484
 -5177
 7457
 -872
 7931
 7103
 5656
 -5038
 -2525
 -3524
 -7157
 -6275
 -6845
 -5701
 -658
 1846
 1127
 -2141
 6347
 -3533
 -2981
 1586
 -6882
 -3024
 -7653
 -6402
 2040
 -7144
 7475
 -1699
 -5821
 -2572
 -859
 6861
 3759
 287
 1700
 -5749
 -1680
 -6031
 -341
 3582
 4168
 -2323
 -5521
 7041
 338
 502
 5094
 1266
 -4664
 -2037
 -4637
 -2007
 3273
 -1898
 -7436
 -6185
 -2343
 -7341
 -6714
 5346
 -5636
 4245
 -4765
 889
 7877
 797
 4280
 -1250
 6924
 4588
 2670
 -6526
 -981
 7731
 -4355
 2123
 -4710
 -3819
 3749
 -2143
 -1420
 -4342
 1633
 -1709
 6332
 3908
 -3771
 1651
 7508
 1506
 4699
 1665
 -7519
 -4737
 5318
 -2102
 2073
 7929
 -2292
 -7362
 -565
 4039
 3515
 -504
 5939
 336
 -4505
 -7489
 -5550
 6894
 2206
 7846
 -3230
 781
 -5496
 -1569
 845
 490
 4422
 7700
 744
 5270
 1959
 -6307
 -4344
 1657
 995
 7627
 1781
 -7532
 -5356
 253
 -3329
 -2061
 -2943
 -6977
 6215
 2226
 -4398
 5340
 -1967
 5933
 6511
 -1027
 467
 -5757
 -626
 -5989
 -5058
 -12
 -6205
 -7549
 -675
 4870
 1718
 7026
 -3701
 -2472
 3684
 -6101
 -4892
 2635
 3955
 -7217
 -4364
 6268
 675
 -7218
 -260
 -1911
 -4207
 -5942
 3834
 -2894
 2594
 -270
 -5607
 -6474
 2500
 7248
 7124
 3856
 3505
 -4757
 -4561
 7178
 819
 3883
 -4842
 7179
 2303
 6643
 905
 6188
 2334
 2547
 -4977
 -7580
 -1186
 1646
 6283
 -5310
 -983
 -3790
 -894
 3328
 -7827
 289
 1709
 -1716
 -447
 -3154
 3017
 -3277
 -3509
 38
 -7272
 868
 -3805
 792
 -7452
 -4730
 -1737
 -2731
 -7541
 4983
 2809
 -7074
 4144
 -2556
 -3873
 4558
 -2727
 5399
 -5810
 -5524
 -6349
 7198
 -5237
 3176
 -6136
 7289
 7927
 5728
 5799
 -5868
 -3807
 1574
 2227
 1579
 -6086
 -3878
 1588
 -4159
 5804
 2997
 -3867
 -4439
 7224
 2645
 2271
 -7628
 6142
 2484
 4565
 617
 7148
 6526
 3282
 7229
 -4120
 2656
 -5631
 -5267
 -678
 6352
 722
 4989
 -745
 -5678
 -6809
 1077
 -1501
 -7619
 2060
 6935
 -4034
 -4537
 3136
 1089
 4830
 7376
 -1302
 -5596
 6088
 -4270
 -1825
 6043
 -5226
 7660
 2317
 -1295
 7400
 -1946
 -819
 7913
 -96
 -4174
 -344
 2654
 -4883
 -2611
 2814
 1903
 -7573
 -3016
 -7482
 -5908
 5314
 -2466
 5852
 -3562
 -1809
 -7320
 3539
 7115
 -5352
 -6996
 7482
 2720
 -3536
 -454
 5901
 3695
 -4652
 -2569
 -212
 -6009
 6843
 -4322
 3725
 -3486
 3495
 3459
 1638
 -1760
 -7395
 -3676
 2355
 1041
 -662
 1372
 7214
 2739
 4065
 -2479
 6148
 6772
 -3218
 125
 7513
 1049
 -1536
 6129
 -4635
 2085
 -5117
 191
 -1739
 533
 607
 -5249
 3023
 7486
 4382
 -5938
 -5661
 4094
 5822
 5025
 6213
 -2669
 -5668
 6125
 714
 -5251
 -3466
 2903
 -6470
 -3563
 2062
 7579
 -3954
 -3089
 3464
 -6614
 -2085
 -606
 -3908
 -6231
 2385
 -4629
 -7561
 -6601
 4269
 2043
 2069
 3951
 -2476
 4966
 1562
 6224
 -1255
 -2166
 2751
 2867
 -5230
 3597
 1938
 3002
 63
 -7891
 4128
 -7267
 -4024
 2068
 2084
 -156
 1406
 3845
 -1367
 4778
 3899
 1615
 2326
 -7672
 5789
 -3956
 2763
 -911
 -4492
 -4687
 7389
 3138
 -3442
 -6164
 7843
 3928
 603
 -4518
 -5061
 -3308
 7783
 -1987
 6157
 4464
 1095
 -6946
 3914
 -3422
 -4995
 1368
 -6063
 2713
 -6154
 473
 1359
 6386
 7459
 -356
 -846
 3859
 -1437
 1689
 -1670
 6672
 7773
 4638
 -300
 2091
 6689
 -2208
 -5549
 6070
 -1662
 7917
 6275
 9
 -7917
 -3750
 -6916
 -3503
 -4094
 7911
 7977
 6576
 -6286
 -5120
 -5437
 3310
 -5265
 -7109
 2066
 -7014
 4545
 -929
 1782
 -6371
 -5004
 3513
 5838
 -6525
 -6465
 -7940
 6798
 858
 4574
 -1627
 4976
 -5630
 1504
 4211
 -1866
 5253
 -6471
 -7098
 4627
 -4208
 6534
 5101
 708
 1279
 5028
 596
 5501
 2426
 -6129
 -6385
 -1644
 -5709
 3985
 -4734
 -2602
 5118
 4086
 -1572
 1553
 -2207
 -1560
 5468
 5811
 230
 3322
 -2834
 4134
 -928
 1457
 -4745
 5373
 3058
 7584
 -533
 -6746
 7726
 -4764
 2937
 -2132
 -5020
 -7706
 3423
 3361
 -449
 6681
 1312
 3682
 -3428
 -5140
 5404
 4928
 -758
 -3806
 -6113
 -5076
 2888
 -2272
 131
 -5746
 6968
 -3561
 -7926
 1977
 -6665
 1826
 -3199
 -2562
 1034
 577
 3404
 392
 -2383
 -736
 7830
 2993
 2147
 -5182
 -6632
 5168
 -4443
 -3530
 -3162
 -2721
 6219
 4614
 -5964
 -2225
 6199
 876
 -1763
 5106
 -2044
 -6639
 5783
 3381
 176
 3398
 5385
 4736
 32
 -7593
 -2617
 736
 3722
 7303
 85
 3904
 -4776
 1560
 -6364
 -6017
 -4707
 5954
 7096
 -1503
 -2761
 606
 3096
 5704
 -6735
 -5561
 3843
 -5544
 6901
 -2124
 5229
 -6436
 -375
 650
 -2043
 3424
 -6576
 372
 1828
 -4112
 -3406
 7216
 2939
 7241
 -2539
 4407
 1787
 4339
 6381
 86
 2539
 -789
 -5608
 -108
 6499
 -6516
 -6370
 5292
 -596
 7546
 7283
 -5954
 -2640
 -7270
 -5227
 -2817
 -2706
 3537
 3760
 809
 -5179
 2384
 4354
 3822
 -2474
 217
 -1199
 -5147
 -669
 -4880
 1468
 -1602
 3626
 817
 -155
 706
 5049
 -4686
 4117
 -3306
 7088
 1948
 -4584
 1950
 -5413
 -1568
 971
 1867
 -631
 -6456
 -5053
 3531
 4893
 -812
 -550
 1252
 4318
 -1029
 -7027
 -2680
 -1195
 -1473
 334
 352
 2931
 -1082
 -4701
 -6019
 859
 5234
 -1130
 7496
 6666
 -3005
 5707
 -1138
 3253
 -4540
 5719
 -6627
 5558
 -5319
 -7880
 -3992
 -2083
 872
 2428
 3437
 -3389
 5076
 -6580
 5339
 1770
 -222
 4310
 2801
 7793
 4639
 -2053
 763
 -1271
 -4417
 4344
 -5712
 351
 -7760
 6068
 -945
 2879
 3372
 6650
 -5520
 -4874
 -5737
 3252
 6007
 -402
 441
 -1358
 7172
 380
 -1008
 -7
 1984
 -5748
 -2681
 7562
 -7830
 -1674
 -1425
 -1917
 5098
 -3274
 -6975
 2057
 6977
 -2111
 -7432
 -5175
 -2336
 -5830
 3087
 3499
 5235
 -6644
 -617
 -7236
 2192
 -7887
 -5834
 -2799
 1510
 -4457
 3490
 -1694
 -320
 -7660
 4733
 5225
 193
 5741
 -4181
 1934
 3923
 -977
 -4894
 5307
 3422
 2960
 3525
 -5869
 -1729
 6273
 -3251
 4715
 -7197
 -7587
 4140
 -1952
 2278
 -873
 219
 463
 4396
 -2090
 -5369
 -2186
 -806
 -3759
 -3932
 418
 5238
 -3438
 -809
 4504
 -5657
 2495
 890
 4400
 -3720
 7638
 -6593
 5912
 -7847
 7653
 -3862
 5720
 1374
 -3605
 -2549
 -4455
 -2829
 -6271
 -2512
 2781
 -956
 3228
 1611
 4342
 -7204
 1714
 -412
 -4933
 -4559
 -4520
 -2425
 -2929
 5974
 -255
 -3299
 -7212
 -2358
 4931
 6034
 -4833
 7234
 -2239
 7762
 -6509
 -3783
 4765
 -4632
 -4817
 -1126
 -5758
 2685
 4827
 7311
 1564
 7521
 -1968
 -2219
 -3602
 -6026
 1917
 4923
 -6570
 5182
 -5738
 -7576
 -3180
 -7511
 -3021
 -3648
 1503
 2009
 -3262
 7953
 7166
 2513
 -594
 7483
 -5349
 -7529
 3875
 -6704
 -1669
 190
 -877
 -2178
 1133
 -1050
 -7682
 -6826
 7813
 7048
 -2993
 3214
 -7681
 -1119
 -7229
 3226
 -2282
 5281
 6092
 3613
 -4546
 -1495
 -7648
 2999
 -5790
 2568
 7705
 4004
 1760
 5931
 -2816
 -7125
 -2504
 7260
 4010
 -1707
 -7040
 3438
 -7256
 2372
 -5864
 -7726
 -3922
 4395
 -1352
 -4141
 1111
 4919
 2466
 -2014
 1995
 1181
 -4746
 7525
 4087
 6316
 -1909
 6226
 -3895
 -3857
 3900
 -2791
 7885
 3873
 -6839
 5045
 3473
 4461
 2650
 884
 3089
 517
 6523
 -5724
 6230
 5363
 -2453
 6889
 -1836
 2175
 1130
 -4195
 2887
 -6278
 -4868
 -2638
 1163
 1336
 6299
 4311
 -2590
 674
 -7841
 4436
 -2833
 -4925
 7679
 -4301
 5999
 -7758
 524
 -1643
 6060
 -5499
 1397
 7962
 2556
 -428
 -6786
 4359
 5480
 1408
 3142
 -1478
 -2360
 -158
 1226
 -3972
 2195
 5475
 -7262
 -6429
 3898
 -7265
 1430
 -5135
 -1528
 -3633
 3117
 -551
 3010
 4918
 -4244
 5349
 -6847
 -3700
 1997
 -7227
 -6227
 -5455
 -3383
 -431
 -2679
 5159
 3786
 -1838
 -3450
 -3467
 -6454
 3847
 7270
 2039
 -6302
 -7344
 -6770
 4105
 -3194
 68
 -4198
 7873
 2103
 6611
 599
 7202
 -363
 7255
 420
 1412
 -5616
 1162
 6186
 2588
 -287
 -6102
 -1339
 4077
 -140
 7636
 -871
 5532
 6844
 7070
 -1645
 689
 4615
 976
 2681
 -5041
 780
 6880
 2784
 -4593
 2813
 5434
 -7689
 -5281
 -5674
 5160
 -664
 3428
 5322
 -1753
 -7517
 -5148
 -1957
 -2026
 -4818
 3128
 4070
 -5429
 4110
 1879
 4279
 693
 1319
 361
 -2709
 -7404
 -3679
 5157
 -5344
 3290
 -770
 -5029
 -6071
 -7963
 -4433
 -3097
 4151
 -4124
 3500
 -1696
 6475
 -1454
 337
 5343
 830
 4299
 -5965
 -3476
 5606
 573
 -2581
 -3441
 -5765
 -5222
 -1057
 2929
 7104
 7574
 5020
 1393
 -7923
 3206
 -3204
 -1183
 5433
 -393
 -6355
 4124
 1009
 -6458
 -6210
 -4450
 1992
 7810
 -6630
 -2271
 -1636
 -325
 1884
 4526
 -7725
 1074
 1075
 -5677
 -4598
 399
 -7275
 7772
 -6919
 6454
 6203
 918
 679
 4855
 49
 -2120
 -6048
 5781
 -7544
 -5114
 -4369
 -7201
 -7735
 1027
 5009
 6107
 6477
 -2552
 4840
 -869
 -3537
 -6292
 -193
 -1640
 7567
 -6153
 4544
 3321
 7828
 6145
 -1861
 -5959
 -3449
 -4924
 5654
 1251
 7269
 1264
 -6681
 7056
 -5296
 7698
 3649
 -3849
 -5847
 -7680
 2628
 2273
 4222
 -4255
 -5956
 -2594
 7379
 5212
 -4510
 -1804
 583
 470
 7577
 1427
 -2077
 -7365
 -3681
 -605
 -2295
 2469
 -6004
 -1797
 3871
 -847
 -5200
 4047
 6343
 5881
 -1717
 -6147
 -227
 -4454
 8
 -2252
 -2768
 -6246
 4834
 -4103
 2729
 -2548
 -4157
 -5621
 -2925
 -6347
 -833
 6306
 -723
 2632
 3864
 3233
 -6896
 -1960
 3517
 -6218
 6271
 -267
 2932
 4118
 -5444
 -7957
 -3147
 -3366
 21
 -1426
 -1282
 -3496
 309
 4616
 -4256
 1488
 5262
 5510
 -1692
 -4552
 1484
 -6777
 6775
 -3286
 -2888
 5437
 -2703
 -2135
 2267
 6003
 2709
 -7150
 1908
 -712
 -7913
 5942
 2150
 4718
 -697
 7185
 2448
 -843
 4542
 -4194
 -1646
 -4230
 -1878
 4886
 -7111
 5068
 3159
 -1441
 -2057
 -5963
 -1936
 3958
 1577
 -1190
 1316
 4669
 -87
 -3689
 -2647
 1151
 -304
 -3979
 20
 201
 1732
 3888
 -1122
 -912
 4915
 -3813
 -7658
 4957
 -7878
 5031
 -710
 2128
 -2734
 3995
 -407
 -5960
 7282
 -4750
 -1125
 -317
 7047
 -6641
 113
 -4092
 -4400
 -4918
 -7200
 6711
 5353
 3836
 -3576
 7261
 3129
 -5292
 -7178
 5328
 1786
 7464
 -5593
 -5684
 -6309
 -6401
 6565
 6722
 -554
 1479
 -7176
 1487
 -5326
 -1001
 7983
 -1659
 928
 4653
 -500
 4885
 2208
 -515
 -6776
 448
 -6756
 4101
 -7208
 7393
 273
 -1133
 2015
 -2240
 -4555
 6617
 1373
 4589
 -7876
 -737
 -731
 7743
 -7021
 -3084
 2511
 2213
 -993
 1278
 6375
 5751
 -250
 -6283
 -5235
 -3481
 -4550
 1263
 2774
 -7692
 7119
 2736
 -7997
 4749
 2895
 157
 -100
 -1062
 5610
 1540
 -2589
 7480
 2933
 -4138
 923
 3452
 -3781
 2974
 521
 1888
 -1465
 -6508
 -3749
 7838
 3866
 -7457
 1090
 5703
 -4447
 -3088
 -6126
 7158
 -2078
 -523
 -4685
 -2491
 -882
 -2852
 707
 -1613
 -7647
 -5863
 4100
 -3745
 -6033
 2191
 -7572
 -2356
 2988
 1341
 4754
 -590
 1348
 624
 -587
 -7472
 -4988
 -171
 1246
 7478
 14
 5103
 5509
 -2164
 -5180
 3164
 -5739
 -3307
 -2657
 4241
 -4721
 -6701
 5556
 -3034
 772
 7439
 -6204
 4167
 -3565
 7973
 2918
 3154
 -2248
 -7589
 -867
 5419
 2737
 5210
 7883
 2557
 4712
 3189
 -5065
 7855
 -2574
 -2460
 4563
 5478
 3666
 4730
 -5648
 5036
 -6524
 5193
 -891
 2855
 6031
 2173
 7812
 -7649
 635
 3977
 731
 -3589
 -5802
 984
 4246
 -3652
 5678
 -6599
 -179
 -3775
 -4050
 -502
 5792
 1819
 -1118
 -3535
 -2187
 -7773
 1124
 6042
 66
 -3630
 -5043
 -59
 -5055
 -543
 6606
 -232
 2901
 -2775
 -40
 12
 -138
 -6156
 1085
 5252
 -7453
 7381
 735
 -3359
 -5548
 -3872
 -536
 -2541
 4312
 7608
 -542
 -760
 -5825
 -3617
 -1393
 -4953
 2733
 5712
 7235
 -5599
 7131
 4306
 -1730
 -6118
 6855
 -7423
 7774
 -2300
 -6511
 3795
 6668
 -4282
 1321
 -2545
 -1165
 -5221
 2045
 -2096
 7511
 3907
 -6463
 -6392
 950
 6141
 4656
 -506
 5147
 3676
 6279
 -2924
 -2830
 5607
 4774
 7934
 -5773
 -4487
 -1407
 -2494
 -1132
 4114
 -5144
 1952
 2543
 907
 7925
 -7296
 -4467
 -6303
 7192
 -3413
 3239
 3083
 1762
 305
 1572
 -6445
 4149
 -1018
 -2099
 2445
 -6739
 6933
 -1891
 5268
 -4202
 -1117
 7710
 3099
 6521
 6067
 -6575
 -4051
 6796
 7594
 5046
 1746
 4648
 1737
 1868
 -2022
 -6886
 3598
 -4725
 6361
 -561
 -4064
 -84
 1807
 -424
 6046
 7177
 4775
 6921
 -2312
 -3531
 -2677
 -5401
 -1610
 -3190
 5454
 990
 7657
 -5754
