 70
 -4614
 989
 614
 7589
 -1388
 3590
 -6684
 -874
 -1096
 2731
 7028
 -3599
 -6795
 5444
 949
 -6876
 -3830
 3222
 -1080
 541
 4894
 -7189
 3820
 7779
 6264
 -7851
 -1609
 2818
 4643
 -1297
 4397
 6865
 921
 4725
 632
 -4108
 -3668
 -7987
 -5895
 -1941
 -3342
 7712
 7909
 -802
 4822
 -5153
 7685
 5003
 -4780
 -3877
 -5672
 2306
 268
 465
 1739
 4820
 7709
 1370
 -1688
 6099
 7902
 370
 -7068
 -4111
 7824
 -4523
 -4954
 368
 -7235
 -5288
 1757
 -2357
 -2755
 -6367
 -91
 6932
 -7437
 3445
 -2410
 242
 2836
 6109
 -3691
 -3403
 -1083
 1681
 2477
 -2960
 -4058
 -4441
 -7385
 1675
 -7506
 -64
 -1733
 -2469
 -4695
 7021
 -1529
 -444
 -1637
 5357
 7045
 -6366
 -4029
 -3808
 3498
 -1793
 5023
 2348
 6809
 -3252
 -5634
 -5345
 -7434
 1347
 -6155
 -5582
 -4031
 7598
 -7378
 -2612
 1525
 -841
 -4541
 -5784
 5237
 4163
 7367
 -56
 4030
 2704
 5840
 5417
 3242
 -4405
 6867
 -2725
 -566
 -6760
 6348
 5599
 -6879
 4975
 1969
 -6709
 4061
 19
 1308
 166
 2078
 -2280
 2406
 -4434
 3238
 -7739
 -5311
 -3663
 5221
 7325
 4260
 -4228
 5548
 4553
 -292
 -4067
 -2977
 -949
 -692
 451
 -1553
 -7247
 -4463
 3308
 -4968
 3948
 -2907
 -7603
 7298
 6529
 5913
 -7596
 -2620
 5907
 4800
 -411
 1113
 -5409
 -743
 2716
 1558
 7324
 7144
 -3567
 7176
 -6643
 4142
 6281
 -7463
 -2858
 1806
 -7598
 7208
 5388
 1280
 -6941
 4216
 4858
 -1664
 -785
 -7147
 -7755
 -905
 5882
 2571
 -4437
 -5688
 -89
 3880
 4727
 -2146
 -6758
 -2136
 3573
 -4052
 -4928
 -685
 3650
 -4509
 3048
 2604
 1543
 3693
 7816
 -6291
 -1484
 -5177
 7457
 -872
 7931
 7103
 5656
 -5038
 -2525
 -3524
 -7157
 -6275
 -6845
 -5701
 -658
 1846
 1127
 -2141
 6347
 -3533
 -2981
 1586
 -6882
 -3024
 -7653
 -6402
 2040
 -7144
 7475
 -1699
 -5821
 -2572
 -859
 6861
 3759
 287
 1700
 -5749
 -1680
 -6031
 -341
 3582
 4168
 -2323
 -5521
 7041
 338
 502
 5094
 1266
 -4664
 -2037
 -4637
 -2007
 3273
 -1898
 -7436
 -6185
 -2343
 -7341
 -6714
 5346
 -5636
 4245
 -4765
 889
 7877
 797
 4280
 -1250
 6924
 4588
 2670
 -6526
 -981
 7731
 -4355
 2123
 -4710
 -3819
 3749
 -2143
 -1420
 -4342
 1633
 -1709
 6332
 3908
 -3771
 1651
 7508
 1506
 4699
 1665
 -7519
 -4737
 5318
 -2102
 2073
 7929
 -2292
 -7362
 -565
 4039
 3515
 -504
 5939
 336
 -4505
 -7489
 -5550
 6894
 2206
 7846
 -3230
 781
 -5496
 -1569
 845
 490
 4422
 7700
 744
 5270
 1959
 -6307
 -4344
 1657
 995
 7627
 1781
 -7532
 -5356
 253
 -3329
 -2061
 -2943
 -6977
 6215
 2226
 -4398
 5340
 -1967
 5933
 6511
 -1027
 467
 -5757
 -626
 -5989
 -5058
 -12
 -6205
 -7549
 -675
 4870
 1718
 7026
 -3701
 -2472
 3684
 -6101
 -4892
 2635
 3955
 -7217
 -4364
 6268
 675
 -7218
 -260
 -1911
 -4207
 -5942
 3834
 -2894
 2594
 -270
 -5607
 -6474
 2500
 7248
 7124
 3856
 3505
 -4757
 -4561
 7178
 819
 3883
 -4842
 7179
 2303
 6643
 905
 6188
 2334
 2547
 -4977
 -7580
 -1186
 1646
 6283
 -5310
 -983
 -3790
 -894
 3328
 -7827
 289
 1709
 -1716
 -447
 -3154
 3017
 -3277
 -3509
 38
 -7272
 868
 -3805
 792
 -7452
 -4730
 -1737
 -2731
 -7541
 4983
 2809
 -7074
 4144
 -2556
 -3873
 4558
 -2727
 5399
 -5810
 -5524
 -6349
 7198
 -5237
 3176
 -6136
 7289
 7927
 5728
 5799
 -5868
 -3807
 1574
 2227
 1579
 -6086
 -3878
 1588
 -4159
 5804
 2997
 -3867
 -4439
 7224
 2645
 2271
 -7628
 6142
 2484
 4565
 617
 7148
 6526
 3282
 7229
 -4120
 2656
 -5631
 -5267
 -678
 6352
 722
 4989
 -745
 -5678
 -6809
 1077
 -1501
 -7619
 2060
 6935
 -4034
 -4537
 3136
 1089
 4830
 7376
 -1302
 -5596
 6088
 -4270
 -1825
 6043
 -5226
 7660
 2317
 -1295
 7400
 -1946
 -819
 7913
 -96
 -4174
 -344
 2654
 -4883
 -2611
 2814
 1903
 -7573
 -3016
 -7482
 -5908
 5314
 -2466
 5852
 -3562
 -1809
 -7320
 3539
 7115
 -5352
 -6996
 7482
 2720
 -3536
 -454
 5901
 3695
 -4652
 -2569
 -212
 -6009
 6843
 -4322
 3725
 -3486
 3495
 3459
 1638
 -1760
 -7395
 -3676
 2355
 1041
 -662
 1372
 7214
 2739
 4065
 -2479
 6148
 6772
 -3218
 125
 7513
 1049
 -1536
 6129
 -4635
 2085
 -5117
 191
 -1739
 533
 607
 -5249
 3023
 7486
 4382
 -5938
 -5661
 4094
 5822
 5025
 6213
 -2669
 -5668
 6125
 714
 -5251
 -3466
 2903
 -6470
 -3563
 2062
 7579
 -3954
 -3089
 3464
 -6614
 -2085
 -606
 -3908
 -6231
 2385
 -4629
 -7561
 -6601
 4269
 2043
 2069
 3951
 -2476
 4966
 1562
 6224
 -1255
 -2166
 2751
 2867
 -5230
 3597
 1938
 3002
 63
 -7891
 4128
 -7267
 -4024
 2068
 2084
 -156
 1406
 3845
 -1367
 4778
 3899
 1615
 2326
 -7672
 5789
 -3956
 2763
 -911
 -4492
 -4687
 7389
 3138
 -3442
 -6164
 7843
 3928
 603
 -4518
 -5061
 -3308
 7783
 -1987
 6157
 4464
 1095
 -6946
 3914
 -3422
 -4995
 1368
 -6063
 2713
 -6154
 473
 1359
 6386
 7459
 -356
 -846
 3859
 -1437
 1689
 -1670
 6672
 7773
 4638
 -300
 2091
 6689
 -2208
 -5549
 6070
 -1662
 7917
 6275
 9
 -7917
 -3750
 -6916
 -3503
 -4094
 7911
 7977
 6576
 -6286
 -5120
 -5437
 3310
 -5265
 -7109
 2066
 -7014
 4545
 -929
 1782
 -6371
 -5004
 3513
 5838
 -6525
 -6465
 -7940
 6798
 858
 4574
 -1627
 4976
 -5630
 1504
 4211
 -1866
 5253
 -6471
 -7098
 4627
 -4208
 6534
 5101
 708
 1279
 5028
 596
 5501
 2426
 -6129
 -6385
 -1644
 -5709
 3985
 -4734
 -2602
 5118
 4086
 -1572
 1553
 -2207
 -1560
 5468
 5811
 230
 3322
 -2834
 4134
 -928
 1457
 -4745
 5373
 3058
 7584
 -533
 -6746
 7726
 -4764
 2937
 -2132
 -5020
 -7706
 3423
 3361
 -449
 6681
 1312
 3682
 -3428
 -5140
 5404
 4928
 -758
 -3806
 -6113
 -5076
 2888
 -2272
 131
 -5746
 6968
 -3561
 -7926
 1977
 -6665
 1826
 -3199
 -2562
 1034
 577
 3404
 392
 -2383
 -736
 7830
 2993
 2147
 -5182
 -6632
 5168
 -4443
 -3530
 -3162
 -2721
 6219
 4614
 -5964
 -2225
 6199
 876
 -1763
 5106
 -2044
 -6639
 5783
 3381
 176
 3398
 5385
 4736
 32
 -7593
 -2617
 736
 3722
 7303
 85
 3904
 -4776
 1560
 -6364
 -6017
 -4707
 5954
 7096
 -1503
 -2761
 606
 3096
 5704
 -6735
 -5561
 3843
 -5544
 6901
 -2124
 5229
 -6436
 -375
 650
 -2043
 3424
 -6576
 372
 1828
 -4112
 -3406
 7216
 2939
 7241
 -2539
 4407
 1787
 4339
 6381
 86
 2539
 -789
 -5608
 -108
 6499
 -6516
 -6370
 5292
 -596
 7546
 7283
 -5954
 -2640
 -7270
 -5227
 -2817
 -2706
 3537
 3760
 809
 -5179
 2384
 4354
 3822
 -2474
 217
 -1199
 -5147
 -669
 -4880
 1468
 -1602
 3626
 817
 -155
 706
 5049
 -4686
 4117
 -3306
 7088
 1948
 -4584
 1950
 -5413
 -1568
 971
 1867
 -631
 -6456
 -5053
 3531
 4893
 -812
 -550
 1252
 4318
 -1029
 -7027
 -2680
 -1195
 -1473
 334
 352
 2931
 -1082
 -4701
 -6019
 859
 5234
 -1130
 7496
 6666
 -3005
 5707
 -1138
 3253
 -4540
 5719
 -6627
 5558
 -5319
 -7880
 -3992
 -2083
 872
 2428
 3437
 -3389
 5076
 -6580
 5339
 1770
 -222
 4310
 2801
 7793
 4639
 -2053
 763
 -1271
 -4417
 4344
 -5712
 351
 -7760
 6068
 -945
 2879
 3372
 6650
 -5520
 -4874
 -5737
 3252
 6007
 -402
 441
 -1358
 7172
 380
 -1008
 -7
 1984
 -5748
 -2681
 7562
 -7830
 -1674
 -1425
 -1917
 5098
 -3274
 -6975
 2057
 6977
 -2111
 -7432
 -5175
 -2336
 -5830
 3087
 3499
 5235
 -6644
 -617
 -7236
 2192
 -7887
 -5834
 -2799
 1510
 -4457
 3490
 -1694
 -320
 -7660
 4733
 5225
 193
 5741
 -4181
 1934
 3923
 -977
 -4894
 5307
 3422
 2960
 3525
 -5869
 -1729
 6273
 -3251
 4715
 -7197
 -7587
 4140
 -1952
 2278
 -873
 219
 463
 4396
 -2090
 -5369
 -2186
 -806
 -3759
 -3932
 418
 5238
 -3438
 -809
 4504
 -5657
 2495
 890
 4400
 -3720
 7638
 -6593
 5912
 -7847
 7653
 -3862
 5720
 1374
 -3605
 -2549
 -4455
 -2829
 -6271
 -2512
 2781
 -956
 3228
 1611
 4342
 -7204
 1714
 -412
 -4933
 -4559
 -4520
 -2425
 -2929
 5974
 -255
 -3299
 -7212
 -2358
 4931
 6034
 -4833
 7234
 -2239
 7762
 -6509
 -3783
 4765
 -4632
 -4817
 -1126
 -5758
 2685
 4827
 7311
 1564
 7521
 -1968
 -2219
 -3602
 -6026
 1917
 4923
 -6570
 5182
 -5738
 -7576
 -3180
 -7511
 -3021
 -3648
 1503
 2009
 -3262
 7953
 7166
 2513
 -594
 7483
 -5349
 -7529
 3875
 -6704
 -1669
 190
 -877
 -2178
 1133
 -1050
 -7682
 -6826
 7813
 7048
 -2993
 3214
 -7681
 -1119
 -7229
 3226
 -2282
 5281
 6092
 3613
 -4546
 -1495
 -7648
 2999
 -5790
 2568
 7705
 4004
 1760
 5931
 -2816
 -7125
 -2504
 7260
 4010
 -1707
 -7040
 3438
 -7256
 2372
 -5864
 -7726
 -3922
 4395
 -1352
 -4141
 1111
 4919
 2466
 -2014
 1995
 1181
 -4746
 7525
 4087
 6316
 -1909
 6226
 -3895
 -3857
 3900
 -2791
 7885
 3873
 -6839
 5045
 3473
 4461
 2650
 884
 3089
 517
 6523
 -5724
 6230
 5363
 -2453
 6889
 -1836
 2175
 1130
 -4195
 2887
 -6278
 -4868
 -2638
 1163
 1336
 6299
 4311
 -2590
 674
 -7841
 4436
 -2833
 -4925
 7679
 -4301
 5999
 -7758
 524
 -1643
 6060
 -5499
 1397
 7962
 2556
 -428
 -6786
 4359
 5480
 1408
 3142
 -1478
 -2360
 -158
 1226
 -3972
 2195
 5475
 -7262
 -6429
 3898
 -7265
 1430
 -5135
 -1528
 -3633
 3117
 -551
 3010
 4918
 -4244
 5349
 -6847
 -3700
 1997
 -7227
 -6227
 -5455
 -3383
 -431
 -2679
 5159
 3786
 -1838
 -3450
 -3467
 -6454
 3847
 7270
 2039
 -6302
 -7344
 -6770
 4105
 -3194
 68
 -4198
 7873
 2103
 6611
 599
 7202
 -363
 7255
 420
 1412
 -5616
 1162
 6186
 2588
 -287
 -6102
 -1339
 4077
 -140
 7636
 -871
 5532
 6844
 7070
 -1645
 689
 4615
 976
 2681
 -5041
 780
 6880
 2784
 -4593
 2813
 5434
 -7689
 -5281
 -5674
 5160
 -664
 3428
 5322
 -1753
 -7517
 -5148
 -1957
 -2026
 -4818
 3128
 4070
 -5429
 4110
 1879
 4279
 693
 1319
 361
 -2709
 -7404
 -3679
 5157
 -5344
 3290
 -770
 -5029
 -6071
 -7963
 -4433
 -3097
 4151
 -4124
 3500
 -1696
 6475
 -1454
 337
 5343
 830
 4299
 -5965
 -3476
 5606
 573
 -2581
 -3441
 -5765
 -5222
 -1057
 2929
 7104
 7574
 5020
 1393
 -7923
 3206
 -3204
 -1183
 5433
 -393
 -6355
 4124
 1009
 -6458
 -6210
 -4450
 1992
 7810
 -6630
 -2271
 -1636
 -325
 1884
 4526
 -7725
 1074
 1075
 -5677
 -4598
 399
 -7275
 7772
 -6919
 6454
 6203
 918
 679
 4855
 49
 -2120
 -6048
 5781
 -7544
 -5114
 -4369
 -7201
 -7735
 1027
 5009
 6107
 6477
 -2552
 4840
 -869
 -3537
 -6292
 -193
 -1640
 7567
 -6153
 4544
 3321
 7828
 6145
 -1861
 -5959
 -3449
 -4924
 5654
 1251
 7269
 1264
 -6681
 7056
 -5296
 7698
 3649
 -3849
 -5847
 -7680
 2628
 2273
 4222
 -4255
 -5956
 -2594
 7379
 5212
 -4510
 -1804
 583
 470
 7577
 1427
 -2077
 -7365
 -3681
 -605
 -2295
 2469
 -6004
 -1797
 3871
 -847
 -5200
 4047
 6343
 5881
 -1717
 -6147
 -227
 -4454
 8
 -2252
 -2768
 -6246
 4834
 -4103
 2729
 -2548
 -4157
 -5621
 -2925
 -6347
 -833
 6306
 -723
 2632
 3864
 3233
 -6896
 -1960
 3517
 -6218
 6271
 -267
 2932
 4118
 -5444
 -7957
 -3147
 -3366
 21
 -1426
 -1282
 -3496
 309
 4616
 -4256
 1488
 5262
 5510
 -1692
 -4552
 1484
 -6777
 6775
 -3286
 -2888
 5437
 -2703
 -2135
 2267
 6003
 2709
 -7150
 1908
 -712
 -7913
 5942
 2150
 4718
 -697
 7185
 2448
 -843
 4542
 -4194
 -1646
 -4230
 -1878
 4886
 -7111
 5068
 3159
 -1441
 -2057
 -5963
 -1936
 3958
 1577
 -1190
 1316
 4669
 -87
 -3689
 -2647
 1151
 -304
 -3979
 20
 201
 1732
 3888
 -1122
 -912
 4915
 -3813
 -7658
 4957
 -7878
 5031
 -710
 2128
 -2734
 3995
 -407
 -5960
 7282
 -4750
 -1125
 -317
 7047
 -6641
 113
 -4092
 -4400
 -4918
 -7200
 6711
 5353
 3836
 -3576
 7261
 3129
 -5292
 -7178
 5328
 1786
 7464
 -5593
 -5684
 -6309
 -6401
 6565
 6722
 -554
 1479
 -7176
 1487
 -5326
 -1001
 7983
 -1659
 928
 4653
 -500
 4885
 2208
 -515
 -6776
 448
 -6756
 4101
 -7208
 7393
 273
 -1133
 2015
 -2240
 -4555
 6617
 1373
 4589
 -7876
 -737
 -731
 7743
 -7021
 -3084
 2511
 2213
 -993
 1278
 6375
 5751
 -250
 -6283
 -5235
 -3481
 -4550
 1263
 2774
 -7692
 7119
 2736
 -7997
 4749
 2895
 157
 -100
 -1062
 5610
 1540
 -2589
 7480
 2933
 -4138
 923
 3452
 -3781
 2974
 521
 1888
 -1465
 -6508
 -3749
 7838
 3866
 -7457
 1090
 5703
 -4447
 -3088
 -6126
 7158
 -2078
 -523
 -4685
 -2491
 -882
 -2852
 707
 -1613
 -7647
 -5863
 4100
 -3745
 -6033
 2191
 -7572
 -2356
 2988
 1341
 4754
 -590
 1348
 624
 -587
 -7472
 -4988
 -171
 1246
 7478
 14
 5103
 5509
 -2164
 -5180
 3164
 -5739
 -3307
 -2657
 4241
 -4721
 -6701
 5556
 -3034
 772
 7439
 -6204
 4167
 -3565
 7973
 2918
 3154
 -2248
 -7589
 -867
 5419
 2737
 5210
 7883
 2557
 4712
 3189
 -5065
 7855
 -2574
 -2460
 4563
 5478
 3666
 4730
 -5648
 5036
 -6524
 5193
 -891
 2855
 6031
 2173
 7812
 -7649
 635
 3977
 731
 -3589
 -5802
 984
 4246
 -3652
 5678
 -6599
 -179
 -3775
 -4050
 -502
 5792
 1819
 -1118
 -3535
 -2187
 -7773
 1124
 6042
 66
 -3630
 -5043
 -59
 -5055
 -543
 6606
 -232
 2901
 -2775
 -40
 12
 -138
 -6156
 1085
 5252
 -7453
 7381
 735
 -3359
 -5548
 -3872
 -536
 -2541
 4312
 7608
 -542
 -760
 -5825
 -3617
 -1393
 -4953
 2733
 5712
 7235
 -5599
 7131
 4306
 -1730
 -6118
 6855
 -7423
 7774
 -2300
 -6511
 3795
 6668
 -4282
 1321
 -2545
 -1165
 -5221
 2045
 -2096
 7511
 3907
 -6463
 -6392
 950
 6141
 4656
 -506
 5147
 3676
 6279
 -2924
 -2830
 5607
 4774
 7934
 -5773
 -4487
 -1407
 -2494
 -1132
 4114
 -5144
 1952
 2543
 907
 7925
 -7296
 -4467
 -6303
 7192
 -3413
 3239
 3083
 1762
 305
 1572
 -6445
 4149
 -1018
 -2099
 2445
 -6739
 6933
 -1891
 5268
 -4202
 -1117
 7710
 3099
 6521
 6067
 -6575
 -4051
 6796
 7594
 5046
 1746
 4648
 1737
 1868
 -2022
 -6886
 3598
 -4725
 6361
 -561
 -4064
 -84
 1807
 -424
 6046
 7177
 4775
 6921
 -2312
 -3531
 -2677
 -5401
 -1610
 -3190
 5454
 990
 7657
 -5754
 -361
 1157
 -3639
 7959
 1850
 -4352
 -4806
 2018
 7318
 -5901
 -4763
 -3318
 2162
 -3312
 6391
 1030
 1364
 -4098
 -2526
 1210
 4348
 -2948
 2506
 -6782
 6673
 1107
 317
 3965
 -4641
 1637
 4315
 -104
 -5643
 3401
 4940
 -2555
 -1287
 1366
 -5160
 -2667
 6779
 5078
 799
 -7321
 -601
 -5552
 -6609
 2613
 7688
 2299
 -6706
 2555
 -2694
 5940
 7844
 -1629
 6314
 7595
 -2151
 -4955
 -4079
 7419
 4528
 932
 -6571
 2889
 -2418
 3532
 -4329
 -3747
 -6476
 -3483
 -4363
 -1708
 7969
 -1575
 2699
 6979
 -4926
 -3361
 6620
 -1807
 1512
 -7630
 4815
 -4601
 -555
 5935
 -3095
 2108
 -7324
 3007
 4080
 3187
 5871
 -1428
 -1828
 -2438
 732
 -1389
 4418
 574
 4096
 -459
 5543
 7086
 5395
 687
 -2206
 5443
 339
 -6922
 -5241
 7701
 3126
 -3022
 -2191
 2310
 82
 3717
 -1197
 6559
 -3909
 4106
 5908
 -706
 -7114
 -1191
 4573
 -6316
 7605
 -5396
 1271
 602
 -501
 6989
 -4778
 248
 2691
 4239
 2148
 -2805
 7566
 4887
 -4997
 4944
 -917
 5127
 -7359
 933
 3421
 -715
 -652
 -6310
 -7377
 512
 -2171
 5083
 -3397
 -6418
 -2351
 3024
 4263
 -7919
 -6228
 2639
 5096
 5918
 -1811
 5027
 6896
 -3791
 1069
 7890
 7993
 4697
 2093
 -382
 4303
 -5687
 -2095
 -4950
 1909
 -4597
 -7661
 3545
 -7006
 -7407
 -505
 -5625
 1212
 -378
 -4659
 -5776
 2537
 -5996
 7509
 5342
 -2385
 1612
 5633
 -919
 1604
 6182
 -7828
 1119
 6115
 -6747
 -3888
 -727
 4888
 -6430
 -840
 7650
 -2087
 893
 -2831
 1836
 -2854
 7087
 -1545
 -4119
 1428
 -5498
 4805
 2734
 2389
 641
 5945
 -584
 3789
 -4162
 646
 2788
 1820
 -5338
 3889
 4706
 -6917
 -3281
 4058
 147
 4238
 -1016
 -2042
 -5378
 3475
 -1377
 4990
 6505
 -2313
 -5242
 -2609
 -6844
 2098
 2669
 -7345
 6228
 1017
 -615
 7643
 5980
 -7393
 6554
 -2328
 -1071
 6553
 6753
 -240
 -4175
 -6359
 -4132
 -4324
 -883
 1247
 -7950
 2761
 4267
 -5030
 -5586
 7817
 -5993
 7065
 6494
 3237
 -5077
 2943
 7159
 -5384
 -31
 -1152
 -3206
 -2957
 5567
 7362
 -4788
 7626
 -668
 -2492
 -6543
 -3842
 -6422
 -1977
 5291
 -2451
 -6685
 764
 -7403
 -3424
 -1158
 3548
 3151
 5495
 -5039
 5492
 6122
 -4128
 -2012
 -3736
 -4430
 -6958
 2421
 7548
 1855
 -2199
 2923
 1305
 1493
 -2695
 1317
 -3646
 7998
 5091
 -4611
 3139
 -2570
 1471
 -4507
 2686
 6312
 -5975
 4424
 -5920
 -1731
 -764
 4024
 6
 -5935
 -4720
 6725
 7980
 -4004
 -5718
 585
 1594
 -1934
 6854
 -1681
 -614
 4685
 -2736
 -7588
 -2285
 -5633
 7719
 6355
 4286
 1592
 711
 5360
 -3107
 -7065
 6982
 3870
 -242
 2378
 4603
 4676
 148
 2470
 -2190
 -6794
 -2743
 -1631
 -5417
 -4986
 5129
 -1924
 1857
 5370
 2842
 -389
 -7788
 7160
 -1290
 3529
 7078
 -6125
 -4739
 6026
 -6412
 -7723
 -450
 3468
 1477
 -6931
 694
 1105
 -135
 -7051
 -5122
 3039
 344
 -3372
 -5560
 -2739
 -1047
 -4392
 -1088
 -744
 4541
 3240
 1456
 7314
 225
 -1068
 6449
 3015
 -323
 -5808
 -4770
 -5324
 -2361
 896
 -7838
 6883
 4000
 -1218
 7055
 -2016
 3778
 -7054
 3746
 -5615
 -244
 2865
 -5650
 7695
 6370
 5239
 6308
 4686
 1464
 -6070
 5841
 7996
 4171
 5705
 4154
 -3434
 6207
 -3039
 -5881
 2930
 -1880
 -6910
 -1263
 -3964
 5540
 -3606
 1031
 -6135
 937
 1115
 6778
 -4306
 -6799
 -490
 -7339
 2524
 2375
 -3319
 -3255
 -3119
 1470
 5723
 -4420
 232
 -1163
 -1561
 -7555
 5902
 3523
 3347
 4228
 7223
 -3826
 2198
 -7337
 -2142
 3224
 3470
 -5613
 -2847
 587
 -5218
 2980
 5006
 4054
 -7347
 -1243
 -6268
 1324
 4165
 -3832
 -7179
 7285
 -4116
 6018
 1267
 -7928
 3761
 1890
 5369
 3331
 -3178
 -1206
 -7795
 6318
 4619
 2848
 -2568
 2872
 5298
 -5921
 -4884
 4308
 -5421
 2517
 -2501
 7957
 5421
 -1481
 -7182
 6052
 7683
 -7929
 1262
 -4586
 -7326
 5320
 4720
 6155
 -3672
 -2814
 -6379
 3115
 7907
 -3542
 6329
 4284
 4481
 -1979
 -1757
 -5766
 5906
 -1065
 3340
 2655
 1570
 -5998
 -2407
 -7050
 3245
 -6725
 -2051
 1300
 -7636
 942
 2961
 -4762
 -3083
 4320
 2674
 7375
 -1244
 3313
 3456
 -2663
 -7175
 3088
 4680
 3947
 -757
 5895
 -2315
 -2332
 7410
 2776
 -2985
 -4191
 7736
 -6478
 2510
 3771
 -3889
 -3586
 4551
 3536
 -2054
 3891
 -5946
 2184
 -1099
 5625
 -6267
 748
 -5299
 1217
 3718
 -4266
 1918
 -2188
 267
 -1168
 4495
 -5426
 2431
 5636
 7623
 -4826
 -4496
 5213
 -5890
 1290
 -2563
 -2366
 5024
 -1107
 2222
 2811
 6660
 -3070
 -5034
 4764
 -6774
 -7574
 -2260
 2229
 7127
 -4140
 -5813
 2331
 -1601
 3887
 391
 1727
 -2889
 294
 3799
 -7857
 -6414
 -2270
 7689
 -3279
 1602
 -5191
 7451
 5809
 959
 3395
 4193
 -5944
 -5195
 -5411
 -1856
 -5478
 7609
 -6447
 7429
 -4233
 -3760
 -2967
 3064
 -6103
 4413
 -4847
 6628
 5067
 -4046
 5264
 2732
 -1874
 5872
 -7659
 7364
 -6608
 3828
 -3212
 -3376
 4210
 -7374
 474
 2945
 -7719
 -7049
 2025
 -1357
 -2578
 7054
 2631
 -7861
 -4378
 5324
 6438
 6964
 6742
 1973
 -6413
 -3202
 -2935
 2637
 1184
 -1816
 -3838
 -7145
 -6245
 -7695
 -3757
 -2263
 -7238
 -3828
 -7447
 -4259
 -7089
 -5118
 -4397
 7095
 2509
 7647
 -6375
 -6885
 -6726
 -5816
 -5107
 -3855
 1026
 825
 -4564
 7543
 -6710
 2246
 -19
 7406
 -6769
 5359
 -7366
 -5509
 7951
 -2161
 -6892
 4644
 6074
 1042
 4839
 5576
 -1626
 -6248
 -7966
 -2202
 -4038
 -6011
 -4263
 5726
 3232
 5682
 753
 2439
 2146
 -3104
 6441
 6670
 1008
 -349
 -1078
 1016
 913
 6287
 3185
 5051
 -3117
 -6857
 5568
 -5527
 7519
 -7415
 4916
 1753
 -3571
 -264
 7659
 -2961
 -1570
 -5522
 -2824
 -1161
 4548
 -4733
 854
 5214
 -613
 3877
 7033
 -7007
 1610
 489
 5109
 1270
 7321
 2258
 -7667
 -6258
 47
 -7962
 -3288
 3009
 5246
 -3609
 -4367
 -6225
 -5516
 -3124
 -4760
 259
 -6269
 899
 -4767
 7401
 -5919
 565
 -1033
 808
 3978
 -6469
 4345
 -1949
 3045
 582
 3202
 1618
 4905
 7975
 -6629
 -2249
 7583
 7682
 -2808
 1458
 -2226
 -3880
 -5194
 4785
 -4573
 3584
 6481
 -7550
 -3192
 -7804
 -6966
 -5760
 -4117
 7654
 7753
 5842
 -7485
 -2867
 4904
 7949
 2914
 -684
 -60
 -748
 -2700
 -114
 -6299
 -5273
 7734
 -245
 257
 -6541
 6836
 -1705
 -1649
 3357
 2789
 -2121
 5786
 7005
 3602
 -4317
 -4671
 -4161
 -3461
 -6461
 -5295
 4907
 6471
 3639
 -2266
 6675
 -7975
 5382
 2288
 6380
 -3272
 -2746
 2983
 -6167
 -5271
 -1698
 -1462
 -991
 2256
 5975
 292
 1010
 6834
 2394
 -6589
 -3053
 7570
 5892
 5056
 -5347
 4502
 -900
 7663
 -7826
 7860
 -6827
 -3409
 -1908
 -7211
 -7129
 4922
 7894
 -875
 5957
 -6306
 3066
 -5642
 27
 -2923
 -6073
 6305
 -5481
 -5095
 4366
 -6562
 3585
 1914
 4635
 5050
 -52
 -1446
 -7425
 3249
 -6980
 1971
 -2468
 -1988
 -1346
 -1913
 -953
 4636
 -3816
 -3499
 5494
 7820
 -4478
 -1969
 -4829
 -4002
 -3027
 5695
 6851
 -6327
 -2414
 5130
 2636
 -3181
 -1142
 -4567
 6435
 -4151
 -1276
 -2330
 3140
 -7249
 -5059
 5287
 -1272
 -4395
 -475
 2290
 -1134
 -4683
 -7412
 -2634
 2703
 1783
 -1360
 4465
 -3092
 -6806
 2580
 7411
 -6573
 1023
 7841
 -302
 7575
 -3898
 -6544
 -1543
 2274
 -3551
 -7508
 4091
 -7119
 1253
 -7655
 -2463
 -3358
 -3264
 6256
 6285
 2104
 -4
 -2951
 -7741
 -4235
 1927
 -3460
 -301
 -4706
 -4613
 -5305
 1318
 727
 7615
 -6733
 1856
 7050
 -5157
 -4772
 -7904
 4278
 -7310
 -2546
 -593
 -1516
 -887
 3365
 -5491
 6212
 -3003
 -7912
 870
 1915
 -1000
 639
 -1384
 -1918
 -7840
 4713
 -7959
 6862
 -6700
 1985
 2204
 6345
 -5270
 2460
 3514
 802
 -7322
 557
 -5284
 2099
 2262
 -6166
 2238
 5365
 -2672
 -7137
 7361
 -4305
 6200
 -1053
 1035
 -357
 4044
 -4792
 322
 -3265
 -1778
 -3453
 -7873
 -1105
 2804
 -3423
 5272
 4018
 3627
 -3522
 7250
 -564
 6687
 3901
 -2756
 3256
 -3157
 7758
 -5646
 1776
 -3327
 -1583
 -6492
 7823
 7403
 -7579
 -6061
 -130
 -1214
 3783
 4866
 -3940
 3161
 -4136
 2520
 -1940
 -5717
 7573
 7503
 -5103
 -7922
 -379
 2247
 7129
 7125
 5154
 5186
 2883
 7868
 3815
 1320
 2780
 1881
 -811
 -7198
 -5088
 -2
 5037
 4182
 4958
 -1015
 1794
 -3189
 -3293
 7488
 -6560
 -4713
 -5588
 -3896
 -7462
 365
 -4260
 5425
 -2049
 766
 7368
 -2475
 -337
 3659
 6763
 -7244
 2657
 1569
 -4574
 6679
 3275
 1897
 -513
 -2966
 -1762
 -2324
 -741
 -132
 -7713
 -3822
 -1506
 -5204
 3876
 3534
 2435
 1369
 6095
 6326
 -893
 1635
 6276
 -2715
 591
 4811
 -6045
 -7358
 3481
 -7239
 -83
 -1932
 -1153
 4642
 -2520
 -4022
 5631
 -4914
 -3394
 6266
 -5186
 -6702
 -239
 3370
 4379
 4523
 7428
 -4822
 1276
 -7360
 -3289
 221
 1683
 -5710
 6239
 -3763
 7413
 -4596
 -7834
 -3687
 -1971
 1854
 2180
 -3907
 -2290
 1174
 -7607
 2892
 -4099
 2332
 6994
 6058
 1161
 -854
 2245
 4456
 4950
 1607
 -6442
 1201
 1011
 -3789
 6086
 -7372
 -3748
 6888
 4364
 1239
 1999
 -15
 -2506
 6726
 -1123
 3458
 3486
 -7769
 -3993
 -2258
 -960
 1410
 2880
 999
 -5229
 -4876
 -1827
 3059
 4360
 4064
 -1419
 4104
 -3126
 -7693
 6573
 -4761
 -3017
 4911
 -1031
 -5112
 2661
 5110
 5782
 1453
 -7751
 -7982
 -2696
 2251
 2599
 4437
 -7911
 6351
 -2038
 -5576
 -3419
 5919
 364
 -7621
 4247
 -6664
 5097
 -3674
 -6232
 1482
 -6005
 7264
 -1073
 1002
 3574
 3802
 2981
 6513
 -7061
 4914
 3063
 -6849
 4109
 7822
 -2265
 376
 4050
 -7906
 -7949
 3949
 3762
 -4531
 -6588
 199
 1383
 7963
 3610
 -1999
 3076
 5677
 2837
 5506
 4474
 4756
 5436
 -3865
 2211
 7523
 -7614
 319
 -6308
 -6719
 -971
 594
 5115
 7729
 -1085
 7794
 -3892
 -1530
 -1910
 4900
 7948
 7186
 7837
 -2635
 3035
 224
 -5128
 -4568
 2402
 4138
 6833
 -6821
 -6953
 5228
 -2625
 6110
 -1954
 4103
 6875
 3801
 -4026
 -2607
 2087
 -534
 1883
 1844
 554
 3739
 4965
 -238
 4875
 2359
 -4901
 4747
 -4483
 -5947
 31
 649
 -2806
 -3223
 6258
 4624
 -5559
 -5428
 7648
 1876
 -2259
 2735
 4388
 -878
 -980
 977
 83
 5245
 -4143
 2896
 -6080
 7835
 -3724
 -6604
 -3044
 -6288
 1131
 -4484
 -6846
 4085
 1937
 5743
 5310
 -2976
 5985
 2653
 1200
 -2220
 4227
 6126
 1766
 -4624
 -257
 2617
 3776
 6304
 7662
 -4341
 -1803
 3101
 6662
 -1557
 379
 -4007
 4755
 4664
 435
 6103
 -4854
 6648
 3004
 6187
 -4846
 -3671
 -4222
 -5891
 -1131
 -4326
 6205
 -4374
 3027
 -6650
 -1212
 6418
 2565
 -2762
 -1311
 5780
 497
 -271
 1327
 7171
 5100
 2762
 -836
 7780
 7227
 3748
 -798
 4174
 7315
 -5465
 2712
 -6408
 3432
 3557
 6518
 6785
 102
 3497
 -1596
 -4091
 1269
 5289
 -4547
 -1718
 -3106
 -4879
 3379
 -1261
 6474
 -7691
 5776
 5662
 519
 4166
 -469
 -2211
 -3244
 -1862
 6462
 -62
 4257
 -3284
 -4168
 -1554
 6147
 3077
 7448
 1446
 -7369
 2797
 -4385
 -2150
 -5624
 -1933
 -5002
 -4025
 4655
 5368
 -427
 5153
 6225
 2869
 -3155
 -7273
 -5719
 -4330
 -6473
 -6880
 -5673
 4618
 7672
 216
 -7640
 1815
 -7774
 -598
 4583
 -7645
 -2148
 -6708
 -5430
 3211
 1387
 -7697
 4612
 -2006
 2952
 7320
 -2896
 1081
 4737
 3153
 -2802
 7040
 -3254
 -1381
 -1240
 4798
 -7243
 720
 5969
 5042
 -4985
 -4905
 -681
 -2005
 -7771
 6579
 -3345
 -7250
 -965
 -3099
 6549
 -7346
 -1224
 -7282
 2183
 6234
 -7420
 6053
 -5459
 5679
 -99
 -7386
 -3518
 716
 6676
 -2622
 5333
 -3587
 -4665
 -6968
 -1651
 -1864
 -7406
 2212
 3190
 572
 1036
 -1835
 3893
 -3353
 -1324
 276
 2721
 -3642
 3375
 123
 -6244
 5173
 -6006
 -5638
 4198
 1852
 3332
 898
 5227
 -7998
 -6217
 -7711
 1063
 -942
 6259
 -6817
 -2701
 -3703
 -3549
 7273
 7024
 6568
 1926
 3196
 1021
 353
 1061
 -1187
 7629
 3020
 -5889
 -7858
 -7417
 6750
 298
 4008
 -796
 -1121
 3318
 2194
 -176
 290
 -5439
 1866
 7463
 -4370
 -229
 -6838
 -4061
 3489
 3112
 -708
 5552
 793
 4012
 2347
 -6722
 -6097
 -1463
 -6669
 -7130
 -432
 -6903
 7168
 4961
 -1605
 -4525
 -6899
 -3109
 62
 -996
 7741
 -2698
 -2041
 7323
 4708
 2476
 -190
 -4490
 -7867
 601
 5961
 -3188
 -1667
 4156
 -5927
 -2959
 3982
 560
 7097
 -4872
 -6655
 6196
 -4947
 7080
 -7852
 -7005
 404
 -3404
 5440
 -6842
 -5261
 -6133
 -7717
 1480
 3625
 -7156
 2311
 4838
 7226
 -7696
 -6119
 2083
 -328
 -7879
 -2835
 7123
 -4690
 -517
 6427
 -376
 -4310
 -4741
 3477
 -7902
 7790
 7517
 2252
 -2004
 -6054
 5801
 3326
 5267
 -3643
 2831
 7114
 6911
 -3455
 4790
 -7782
 -1802
 3817
 7967
 5711
 -3543
 3501
 -3452
 6262
 2886
 1825
 -7131
 -2316
 3436
 -7622
 -6693
 5087
 -6587
 -3540
 540
 2462
 -2169
 1906
 5938
 -7553
 -4532
 2638
 -1413
 -4719
 -6889
 7093
 7277
 -6411
 4027
 2388
 4761
 5993
 -6251
 -3465
 -1007
 -1622
 -2392
 -6236
 4522
 1853
 6108
 -982
 -7527
 357
 2946
 -2267
 2673
 -1794
 -4076
 2473
 7002
 3990
 -3221
 3953
 -1777
 -1181
 -2429
 -3669
 348
 -421
 -6165
 -3592
 7142
 331
 1963
 -1498
 -7900
 -6687
 -7351
 -168
 3364
 676
 -5532
 -1791
 1773
 -6928
 -3525
 -39
 4980
 -1728
 4460
 -453
 -2412
 7549
 1680
 7288
 -6819
 -33
 -3161
 3180
 -1345
 7750
 4694
 -4755
 -422
 5497
 2315
 507
 -3
 -1824
 -5557
 -639
 7395
 -2333
 -7708
 51
 -5064
 -5735
 6708
 -879
 -3715
 -713
 -442
 -4357
 -5564
 -5343
 -6904
 4224
 3092
 -4858
 2730
 -5072
 -7734
 -6717
 -437
 2028
 -16
 4071
 5405
 1398
 -329
 4546
 2455
 5260
 -969
 -1994
 5488
 4978
 -2307
 6412
 3561
 7432
 6480
 -200
 7616
 6752
 -4625
 4170
 -1982
 3144
 -2952
 299
 3854
 7557
 3263
 -7546
 -315
 -2172
 3604
 -488
 -7526
 -7380
 -327
 3042
 -6169
 -3290
 -3792
 -1222
 4879
 -1796
 -5277
 2806
 -1930
 -6264
 -1770
 -7328
 -4681
 6492
 6920
 -1395
 -3459
 3170
 -7498
 7755
 -7808
 -1451
 -2254
 7516
 -888
 1254
 -5789
 2769
 -7001
 4458
 -1274
 -2987
 5232
 -6176
 4335
 1923
 494
 -7685
 -2080
 -1249
 -7008
 -1026
 5179
 1255
 4375
 -6336
 7039
 -6163
 3081
 5203
 7751
 6890
 -3950
 5732
 -2048
 1205
 2172
 -2163
 -2112
 4806
 4161
 2368
 -3742
 2706
 -4630
 -7269
 -3800
 -6332
 3730
 6091
 -7458
 5047
 324
 -7763
 1715
 3325
 -6266
 -5925
 -2879
 -2689
 7694
 -7853
 4657
 4323
 7733
 -3374
 2563
 3742
 3482
 956
 -666
 1018
 1606
 1489
 -4749
 -7300
 4793
 6826
 -2513
 4595
 1097
 7466
 -5132
 -2113
 -6484
 1650
 -3947
 -628
 -4662
 -4515
 4433
 -4446
 3471
 -3510
 -4229
 5323
 -6600
 -448
 3738
 -3236
 -4375
 2968
 2002
 -4609
 996
 -2483
 6468
 4301
 5377
 1463
 412
 -5080
 1623
 -5248
 -1045
 2165
 -6182
 -5542
 -3228
 -439
 3209
 -6059
 -5071
 -3462
 -274
 3744
 1289
 -7263
 -2062
 1490
 5870
 3920
 -5828
 -3527
 -5462
 -7473
 -5360
 -2430
 4609
 -4336
 3460
 3983
 -2139
 2294
 -5012
 7630
 6458
 -1985
 -3611
 2544
 -2827
 -2968
 6025
 3971
 -2176
 1886
 2785
 3279
 -2839
 4440
 7036
 -898
 175
 -6626
 2236
 -1650
 2193
 4444
 6017
 3494
 -6212
 1590
 -6148
 3407
 -1012
 5138
 -5213
 1083
 3005
 208
 -3323
 -3061
 -3942
 4189
 -6617
 -6724
 2963
 -1706
 4331
 2906
 2955
 -3990
 -1265
 3678
 4035
 5411
 -2897
 7296
 -3546
 -2393
 -3010
 -6773
 -2550
 -5961
 -4277
 -6127
 7856
 -1365
 1391
 -7571
 -918
 1344
 1514
 -7730
 -1541
 -2661
 -2010
 -6181
 -2416
 4810
 4206
 1669
 -896
 2750
 -3384
 4082
 -7000
 -6
 -492
 -5973
 -3658
 5206
 -487
 -1903
 3216
 -2397
 5371
 4513
 -5313
 -3324
 5144
 7101
 -443
 -968
 -2542
 -3585
 1314
 -6000
 4270
 -6317
 -1476
 462
 3963
 -6674
 -3752
 5572
 4857
 2519
 -6057
 -6767
 -1373
 654
 5828
 4220
 -3925
 -3507
 1073
 -2593
 3371
 2826
 3524
 -7816
 496
 -4206
 3118
 -2818
 -2773
 5736
 -7612
 7108
 -2757
 7385
 6395
 -4296
 -4011
 3827
 -6683
 -2832
 209
 -4486
 6762
 6508
 -3569
 1785
 -3820
 6286
 258
 699
 -2294
 -7688
 7128
 -6636
 4704
 321
 6253
 4600
 -3843
 5956
 760
 -1679
 -5584
 2135
 2203
 -3231
 306
 127
 -2922
 -5355
 -1009
 5630
 16
 3086
 91
 -7724
 6004
 -2387
 1333
 -3505
 1071
 -202
 -4944
 4561
 4314
 -892
 696
 -251
 -1806
 2134
 -1059
 -3753
 1800
 2793
 -3013
 -7533
 -2795
 -1058
 6327
 -6634
 5035
 -4804
 -7705
 -2284
 -2017
 6882
 3449
 -4110
 2718
 -4535
 -7301
 5860
 -1067
 1742
 -2116
 3563
 6930
 -5123
 -1998
 5897
 4757
 -7140
 -5363
 -4037
 2982
 -4885
 7239
 7423
 -4291
 -3425
 -3275
 -1383
 -2978
 -196
 -3051
 3620
 -5714
 4981
 -1675
 2344
 7534
 7746
 3852
 5409
 4784
 6198
 5090
 -2165
 -4599
 -2218
 -5867
 -526
 -4864
 -4575
 1155
 -3613
 -2399
 -3847
 7826
 59
 -1432
 -6549
 2885
 4074
 -7908
 -7428
 5429
 -4752
 997
 5191
 6993
 1810
 3868
 -7722
 3647
 6874
 719
 169
 -4803
 4214
 -5316
 -6860
 -3031
 5779
 1625
 5375
 4350
 -2482
 6580
 7669
 -1061
 4332
 5442
 4849
 6041
 6751
 -2636
 466
 -6930
 4748
 -5111
 -3258
 4252
 -275
 6613
 -182
 -5817
 -6351
 -2446
 -1
 3306
 6795
 -3514
 -3884
 -4694
 5105
 -7862
 7015
 -2341
 2651
 622
 3165
 197
 6472
 -4634
 -6224
 -5849
 7008
 1538
 -2154
 4665
 -7977
 7504
 1229
 948
 7706
 -1162
 3661
 -4155
 -6937
 -5492
 -5597
 -3881
 805
 2916
 -2126
 -4383
 1120
 -188
 6869
 3751
 -6060
 -754
 5032
 7307
 -895
 5217
 -1299
 -868
 -5042
 378
 -3365
 3712
 -4407
 -3690
 -2964
 -6242
 -233
 -1204
 223
 156
 -1215
 6582
 -3905
 7539
 3062
 3223
 -660
 5378
 -7974
 -4653
 1067
 1898
 -2421
 -3375
 -7677
 7412
 -7426
 615
 6852
 -1306
 6119
 7190
 281
 -1491
 -4196
 -5207
 1261
 -72
 3642
 4604
 3556
 5017
 6912
 -825
 3593
 5994
 3806
 -1270
 -1819
 6428
 2336
 7946
 2641
 4036
 -7302
 -4877
 -4192
 -6083
 7708
 -5877
 -1611
 -3871
 177
 7409
 5827
 6828
 5467
 843
 1593
 -1252
 2794
 6811
 -5853
 -6357
 5503
 -4717
 7624
 -7168
 -6472
 -2949
 6047
 -3367
 449
 6907
 6780
 768
 3780
 -2264
 -5866
 4970
 4038
 -1128
 1153
 2322
 7787
 4236
 1801
 -298
 2118
 -5526
 6356
 7618
 7247
 -4295
 556
 -5303
 2817
 1605
 5007
 1273
 1326
 1168
 -4970
 -4675
 6010
 2487
 7988
 -5442
 -6762
 -4376
 -5556
 -5405
 4254
 -7166
 2296
 2451
 -3976
 -1205
 -1477
 -4343
 67
 158
 -1148
 -4661
 537
 -4633
 1998
 -4237
 7211
 2434
 -1948
 266
 -4356
 -3210
 3145
 -1879
 -7242
 1020
 -7338
 -7568
 6117
 -7019
 4678
 1473
 -6944
 2899
 -986
 -147
 -6196
 1222
 2446
 1454
 7135
 6171
 2479
 869
 3984
 5412
 4409
 4376
 801
 6382
 1647
 6738
 -4935
 -4916
 794
 6830
 5583
 -4429
 -2793
 -3637
 -671
 -6534
 5847
 -7859
 -7418
 5131
 -844
 -2066
 -3698
 6952
 -4866
 4033
 5158
 -3598
 -7253
 -823
 -1471
 831
 358
 4234
 2438
 4403
 4307
 994
 -1942
 2614
 5149
 -6374
 4906
 -1379
 -2662
 -5976
 -3787
 -4501
 -4345
 2609
 2207
 5542
 2420
 -6901
 -7613
 2092
 472
 1209
 -5006
 -7515
 1194
 195
 -7780
 853
 -7135
 1981
 -2849
 -5003
 -4830
 4067
 -322
 7625
 6388
 -946
 7182
 -1839
 -558
 4576
 277
 7006
 -7285
 -5700
 -2347
 -516
 1975
 5218
 1303
 5384
 3518
 -3172
 -4795
 2008
 2798
 3918
 -5929
 920
 7405
 7346
 -7387
 202
 4405
 -5759
 1256
 -6926
 -6768
 1249
 3863
 -1723
 4042
 -2500
 5150
 1491
 7614
 -7897
 7805
 -4460
 -6688
 -3348
 1741
 -5969
 -1538
 6408
 5793
 4378
 -7704
 -2776
 -482
 5164
 6758
 -6172
 -6234
 1874
 -3029
 -2766
 7197
 -5970
 3093
 -3774
 7560
 -4712
 2746
 6377
 -4032
 -3382
 3021
 3808
 -7038
 -6605
 -7162
 -5017
 6340
 4963
 2766
 2596
 -5467
 -2639
 4690
 2047
 -117
 -4121
 -1902
 -5540
 4632
 2695
 -7264
 4658
 -1361
 1385
 6793
 525
 -7849
 1172
 5972
 -2895
 -7814
 -7397
 1636
 -5001
 -6660
 -6960
 -4391
 6584
 7784
 7404
 -2567
 -577
 -4708
 -5380
 -6223
 -5093
 2753
 -4668
 -6040
 -3200
 7944
 -7990
 -2908
 -225
 4520
 -4923
 -5454
 -2371
 5013
 -6035
 670
 -5513
 -5755
 5672
 4693
 532
 7591
 -701
 1774
 -5322
 -5351
 1176
 6985
 -6748
 -5824
 7489
 1848
 -1857
 4709
 -3711
 -1475
 581
 -5146
 -478
 2048
 -2604
 1943
 -7716
 -4261
 -6820
 3936
 6247
 -4888
 -7010
 7077
 2074
 -3127
 6754
 -6282
 -6943
 7556
 1219
 -734
 5448
 7921
 -7315
 -2538
 -4226
 -2304
 -2400
 6729
 1861
 -6696
 -7781
 210
 -498
 -7582
 2878
 7612
 2569
 -908
 2680
 -7733
 422
 7453
 -5420
 742
 4873
 -3405
 -3953
 4554
 -4979
 7353
 -7047
 2702
 612
 -7214
 4028
 -6620
 4993
 -1703
 4232
 -1773
 2231
 -2597
 4762
 1188
 415
 652
 7207
 -885
 -6346
 3865
 704
 -259
 -2521
 2115
 -23
 458
 7857
 -1956
 -4254
 -6783
 1748
 7437
 -999
 -150
 4069
 -2487
 7847
 7692
 -7942
 -5091
 -4870
 7974
 -597
 -1867
 5166
 -6990
 -37
 3098
 3814
 5836
 6997
 -5423
 1565
 7462
 5916
 1642
 7620
 -3396
 3274
 -1929
 3466
 -1901
 6105
 3124
 -7464
 4598
 3849
 1624
 -3400
 -2527
 -1380
 698
 7906
 366
 7670
 1573
 4143
 -4238
 -1052
 -5703
 1900
 -7207
 -3203
 -578
 -5907
 -4193
 6209
 7540
 820
 6183
 2508
 4572
 2016
 121
 2250
 -6341
 3699
 3970
 -1366
 -2456
 -1945
 -7422
 -4827
 -326
 4637
 -3799
 -7306
 7145
 -6867
 -2334
 154
 5575
 721
 790
 6938
 -1350
 5698
 -53
 2996
 -409
 824
 -5663
 -7995
 7110
 2444
 1507
 -2670
 -7073
 4248
 -7391
 -6361
 5983
 -1973
 -1173
 2775
 -5662
 863
 3998
 4716
 -3317
 -7764
 3291
 3244
 5279
 3579
 1945
 -2213
 -1764
 -3574
 5718
 4290
 -2547
 5116
 -5362
 -4249
 2376
 233
 2312
 6783
 -6743
 -7078
 6506
 -4723
 -6297
 5064
 3016
 7739
 -4081
 -1959
 -6111
 4769
 -120
 -2138
 -5957
 -7160
 7500
 691
 2395
 3287
 5146
 1940
 522
 5265
 -553
 7354
 401
 6835
 -5666
 1147
 6170
 -5939
 -5797
 -2920
 1863
 2453
 3922
 332
 -3427
 5200
 3067
 -1112
 -434
 -6619
 6372
 4212
 5517
 6164
 6958
 580
 -4906
 -7196
 -1193
 916
 -4626
 5336
 4933
 6189
 7571
 -6864
 6944
 5362
 4398
 667
 6983
 5462
 -1612
 3055
 -7023
 1508
 -4971
 -5037
 7492
 4029
 1864
 -3548
 5596
 5746
 -2403
 -7475
 -3870
 2
 1022
 3709
 -5337
 -6160
 -3795
 7175
 7465
 -85
 -5800
 2595
 2598
 5
 4056
 1614
 7664
 -7479
 -6853
 -1095
 2994
 -3448
 1112
 6786
 455
 1448
 2499
 4292
 -2073
 2049
 6669
 -7767
 1696
 -2100
 -4289
 5981
 3874
 -2342
 -3903
 4549
 -6848
 -61
 -4073
 6396
 -5301
 -2528
 -6424
 7558
 7991
 -7231
 -5081
 3199
 2064
 1933
 623
 7580
 -216
 -7654
 -7823
 -670
 -1868
 1000
 -6565
 142
 -4262
 -4939
 5305
 6691
 4556
 -7746
 -2376
 -6420
 669
 2967
 -7736
 -2094
 6398
 4606
 700
 2284
 -6572
 -5952
 6595
 -5640
 -3655
 -265
 2170
 -4172
 -3811
 -808
 -4742
 203
 -4743
 -7665
 -1445
 -1720
 7676
 846
 2270
 4956
 5325
 -7063
 -1277
 -4015
 -2436
 5898
 -7673
 461
 5612
 -6813
 -5018
 5816
 3038
 6603
 6812
 1550
 -1592
 -4210
 4779
 1287
 2081
 3327
 -1217
 -1466
 -5842
 6661
 3090
 -5547
 7193
 636
 -6050
 -4867
 7217
 2354
 -881
 -2600
 7278
 897
 -303
 -634
 7068
 -4678
 6374
 2449
 4586
 -496
 -5019
 5296
 2272
 528
 -2862
 -3654
 549
 -277
 -2145
 -7060
 -6114
 3106
 -6369
 -4616
 -7558
 -7210
 -1710
 -3621
 -7013
 -7762
 5416
 7133
 -2381
 -2273
 3091
 241
 -7084
 -663
 1608
 -3584
 480
 3491
 -2185
 7374
 5184
 5283
 -4340
 5057
 -18
 -7017
 -5958
 2390
 -1228
 -6354
 7219
 -2192
 -1147
 3813
 -7070
 -579
 -6582
 -2918
 -4332
 -2320
 -2125
 -6635
 -2843
 786
 3221
 3200
 2935
 6664
 5843
 -925
 -2812
 -3886
 -4861
 6160
 1910
 -5323
 -5918
 -5610
 3041
 -5587
 2688
 658
 597
 5891
 2182
 5819
 3554
 3855
 4628
 -5109
 7622
 4473
 -582
 -5317
 6736
 -6382
 -1069
 1587
 -6203
 -2691
 479
 -5475
 -5924
 2373
 -3910
 -2953
 -5260
 6071
 -7092
 -1970
 -1075
 -632
 -7931
 -7009
 -3629
 5230
 -694
 -1115
 662
 4180
 7687
 3149
 6533
 -5149
 -4418
 -4314
 -385
 -5100
 -6863
 5879
 2383
 2341
 4159
 6704
 3773
 2724
 -3803
 -4006
 3168
 -6197
 -2128
 -5683
 2525
 -4334
 5663
 5655
 5327
 -6654
 -7481
 -4495
 -7307
 4721
 2938
 5952
 -2871
 7003
 -3612
 2120
 3769
 7336
 -1772
 -105
 -768
 -2660
 3447
 -2473
 -909
 -2129
 -185
 2534
 -6322
 3175
 -4302
 -1768
 -7167
 -3390
 -625
 980
 3600
 -4018
 215
 -4517
 -101
 -7394
 -3129
 -50
 -6873
 -3146
 6087
 -2223
 -1285
 6541
 -6841
 -2928
 -4186
 5884
 -7127
 655
 -154
 6825
 791
 4394
 2220
 -2467
 1122
 58
 -699
 1281
 6410
 -5926
 -2200
 -1427
 -7518
 -6915
 -211
 -3902
 -4655
 6797
 -3732
 -856
 -6326
 -5900
 4939
 -5341
 7910
 -3971
 -4699
 6520
 3720
 778
 -548
 -5983
 6296
 -1888
 6035
 5854
 7491
 -600
 -6579
 7854
 1925
 1935
 1548
 2036
 -5694
 -7855
 1894
 -6561
 -5505
 -6883
 -6187
 2413
 -5568
 -7402
 -7032
 -296
 -2820
 -2807
 -7530
 -4087
 -6934
 -2708
 6647
 -2496
 -4570
 7651
 4515
 1221
 3188
 938
 1994
 2024
 5949
 -6661
 2560
 -6829
 -1178
 -1564
 -4499
 4256
 -1841
 181
 -5730
 -2367
 -2822
 878
 1878
 6864
 -7085
 -4199
 7666
 1712
 -5078
 3182
 814
 3646
 3658
 -7159
 -1005
 304
 40
 -4711
 1600
 4329
 -3225
 -3718
 -4810
 2475
 -5937
 6604
 -1412
 844
 -6797
 -4451
 -7737
 -2898
 5256
 7561
 -7812
 -5216
 -3680
 4181
 447
 -3600
 -6518
 2545
 -1779
 5550
 227
 -1872
 -5745
 7431
 4187
 -717
 -1401
 5519
 7337
 -6240
 -5883
 -1843
 6898
 -3704
 5387
 -7819
 -5023
 -1323
 117
 -7039
 -2760
 3103
 -3249
 -921
 6432
 6635
 6061
 -2437
 -2753
 2205
 -3683
 1029
 23
 -5434
 2846
 -6675
 1585
 -1752
 -7419
 -5632
 7373
 1072
 929
 1837
 1494
 4770
 -6277
 -3096
 6807
 -920
 888
 -1143
 7449
 -6877
 186
 3651
 -7947
 6322
 5041
 5278
 -7806
 7979
 5628
 -2931
 -6540
 -2726
 7994
 -2415
 4266
 -4494
 7113
 2531
 -1101
 300
 4427
 7090
 2263
 3368
 -465
 -1992
 3195
 1414
 -687
 -6805
 -7600
 -3171
 -4594
 2218
 -1458
 3974
 4735
 71
 -4130
 7218
 -3901
 695
 3485
 -1308
 -6686
 754
 -7170
 7815
 -2883
 -2434
 5834
 2142
 3225
 4242
 -6183
 3850
 5408
 -215
 -1296
 44
 7106
 2160
 -1046
 -3541
 2116
 2076
 4449
 7490
 74
 4288
 4020
 6868
 7891
 5659
 160
 -4563
 7017
 -6532
 856
 6600
 -6194
 -7225
 3954
 -2944
 2991
 1795
 2418
 3810
 -3861
 -7567
 3527
 4547
 -1961
 -1813
 -1958
 -5395
 -4265
 4490
 4338
 7582
 -3484
 -6563
 -7707
 1771
 6955
 2119
 1118
 4019
 5740
 -2470
 2998
 -6976
 6272
 5588
 6190
 5982
 6720
 2133
 -5219
 485
 1813
 6727
 -4728
 -3967
 5646
 4560
 444
 7366
 7563
 3980
 -290
 5313
 -2431
 -2893
 -640
 -164
 3295
 3333
 7262
 -1333
 7554
 7806
 -2422
 1258
 -7668
 -7206
 1245
 523
 -5463
 271
 -6406
 -2690
 -1404
 -6407
 -486
 -6948
 7569
 -7188
 1764
 1966
 3376
 6174
 527
 2358
 -2591
 5233
 6577
 7415
 -4899
 3589
 -6428
 -3328
 -4080
 765
 -5578
 -6082
 1442
 -2750
 -4983
 498
 -346
 7444
 -641
 6995
 -7046
 -4932
 4524
 -5874
 -1756
 3258
 4666
 6133
 1431
 7829
 -4294
 -6214
 1520
 1274
 4663
 4825
 1339
 -248
 4977
 -2384
 -7748
 -1416
 -852
 -3941
 -7749
 5900
 -2123
 -765
 2370
 3555
 4826
 45
 106
 -6591
 -3991
 -3074
 349
 -2702
 311
 -1600
 3830
 -4569
 -2021
 -3301
 1691
 -4809
 -7220
 2969
 5516
 -7146
 -1278
 -226
 5805
 6510
 2265
 -5225
 -5500
 -2493
 -4651
 446
 -3570
 6771
 -3346
 3276
 7020
 -4636
 1780
 -3487
 6334
 6315
 -5770
 -6289
 -2454
 4478
 3812
 179
 -1091
 3624
 -1531
 -2092
 6000
 2676
 -6862
 3345
 6822
 411
 1728
 -6705
 4519
 3289
 6393
 -6096
 3586
 -1854
 6686
 419
 3396
 -2946
 -5365
 -6265
 6667
 -7410
 318
 3280
 -7456
 5143
 -3989
 -3998
 1576
 5117
 2579
 7943
 -3802
 275
 -5902
 -5161
 325
 5539
 935
 3935
 2155
 3286
 -5873
 -5764
 7789
 -1229
 2643
 2633
 6710
 -7811
 -1579
 -4740
 4450
 -2452
 2486
 757
 -3614
 65
 4372
 -314
 432
 726
 1907
 -6868
 -1022
 5285
 -3276
 6724
 -4878
 -2440
 6121
 6721
 3504
 7205
 -6255
 -6715
 -5278
 6417
 -4271
 -2108
 3243
 571
 -4646
 4298
 -7194
 -738
 4555
 3969
 -2911
 7023
 -32
 713
 -5680
 6206
 5226
 2940
 5883
 7365
 3677
 3758
 -3269
 -804
 4835
 6610
 -2262
 5849
 -6263
 2026
 -3068
 -7775
 -7935
 665
 -5183
 3465
 4406
 -646
 5904
 3030
 -6950
 4910
 6846
 7038
 773
 -514
 -790
 -263
 4620
 6984
 -7083
 -5911
 -1247
 3177
 -2787
 -5086
 5709
 -2374
 -7171
 958
 -2495
 4141
 4621
 6214
 2925
 2362
 2562
 4148
 -291
 -2291
 -7368
 -4290
 -7972
 -3430
 -1785
 -2707
 7134
 -5962
 388
 6501
 -98
 7984
 126
 -495
 -4771
 -7260
 5198
 2707
 -1676
 -1417
 4370
 3719
 2340
 -3743
 -6415
 -6633
 2071
 -4166
 3493
 6612
 -3219
 7414
 625
 725
 -5214
 -3000
 136
 -6106
 -4272
 7151
 4491
 5722
 626
 -2938
 -2675
 710
 -3049
 886
 562
 1241
 -7727
 -4571
 3644
 882
 3412
 1025
 -2517
 5392
 6614
 5092
 -4754
 7551
 -7523
 4408
 -585
 -7056
 -5339
 -4937
 -7230
 2225
 -2448
 -5383
 6484
 1652
 -6138
 -4871
 6713
 3272
 827
 -835
 7606
 5151
 280
 -5377
 -5857
 6422
 -6707
 6645
 3389
 -525
 7450
 -2650
 2430
 -1328
 -7026
 -6994
 3301
 5806
 -4516
 -5021
 6507
 -5443
 3894
 -6822
 -3709
 -6462
 5613
 -5471
 -373
 6336
 7094
 1840
 -5494
 2585
 -4293
 -1712
 -5835
 -4335
 3690
 5664
 -1502
 -1677
 384
 5093
 6987
 -2573
 -5977
 610
 6144
 1094
 2586
 7968
 -1455
 -3969
 837
 -5346
 7995
 5562
 3631
 -2564
 -3860
 -6566
 291
 5934
 -6010
 -6959
 5439
 -6592
 -5629
 1710
 1014
 -1641
 -2784
 7220
 7330
 1816
 4999
 3611
 6400
 2593
 740
 -1747
 -4777
 -4225
 5710
 2705
 -3770
 6055
 2944
 -5489
 1243
 5564
 1955
 -1906
 5861
 2659
 4968
 -5948
 2807
 -6718
 -1202
 -4001
 4373
 3858
 -821
 -1606
 7382
 -2298
 1601
 5850
 7771
 1501
 1220
 5040
 1465
 4325
 7271
 1660
 -3085
 -6676
 -6850
 4536
 3114
 6784
 6942
 -3564
 -6728
 -2338
 -1450
 -123
 397
 -7205
 -4620
 -5506
 5749
 -4040
 1190
 6876
 6274
 -1430
 -6338
 5549
 -1873
 178
 -5807
 2132
 -5645
 -3560
 2090
 -7896
 6252
 6788
 1237
 4111
 7936
 -3037
 -2738
 4295
 2948
 2859
 7791
 569
 5812
 -2596
 4506
 2787
 2625
 -2921
 -7591
 -1593
 -7743
 -2373
 5635
 -2942
 -6731
 -1452
 -4498
 -1467
 5126
 -6504
 -4514
 -4474
 5474
 -1604
 -116
 4935
 7091
 6360
 3667
 1160
 -3594
 -805
 1038
 69
 5798
 -3079
 64
 6581
 6692
 -7945
 -319
 5752
 -7542
 2327
 1315
 5692
 4742
 -3678
 -4425
 77
 -4538
 4645
 2419
 -4698
 1052
 -1468
 6288
 3278
 -7240
 648
 26
 2830
 2282
 -604
 -2656
 818
 -1724
 6927
 5943
 -5876
 1845
 3926
 5112
 1531
 -2065
 -2558
 1541
 -5551
 4459
 -2435
 475
 -55
 -6294
 -103
 -4994
 -3597
 -2939
 5141
 -7955
 -1482
 6947
 6150
 1
 1352
 -2575
 -2644
 -7881
 -7803
 7742
 -924
 -4942
 7019
 3503
 -86
 -7829
 5066
 3973
 -67
 -3320
 170
 5124
 7859
 2319
 -5036
 -5393
 -6945
 132
 7344
 1563
 3752
 -3975
 6411
 -6076
 7637
 5344
 5119
 -4220
 -195
 6556
 6077
 -3090
 3451
 -159
 -716
 -3982
 -2350
 -6986
 7960
 663
 -2461
 -6646
 3334
 3960
 4960
 -5731
 -7954
 -5574
 5410
 2647
 2432
 1236
 3975
 3384
 2458
 -7276
 -371
 -1815
 7862
 3994
 -4784
 4662
 6707
 -1110
 7456
 -1213
 1304
 2845
 7180
 -7548
 -5886
 6802
 -1160
 -2637
 6602
 5729
 3377
 6359
 5178
 4932
 -1210
 1070
 2559
 4771
 6270
 4539
 544
 3044
 -801
 -5669
 815
 1731
 -2127
 2538
 -485
 -3550
 -4982
 -3831
 -3226
 -3391
 173
 992
 4571
 -1155
 5758
 -3131
 -3121
 -1700
 7801
 6365
 6023
 -4197
 5525
 5376
 -797
 -7376
 5513
 -6178
 -3779
 -645
 2260
 5674
 -2317
 6621
 4476
 -2733
 3522
 3292
 3782
 -4911
 4750
 6873
 -3824
 2377
 -3489
 4845
 4802
 5034
 -3336
 -1652
 -6884
 6651
 -3912
 -4587
 -386
 3160
 -4799
 4984
 7313
 -1937
 -6213
 -2544
 3453
 1478
 -622
 -2104
 3198
 -124
 1013
 -3762
 7866
 -5189
 6350
 7378
 -6254
 7201
 -6755
 7334
 4185
 7981
 442
 4836
 -4253
 6990
 84
 4380
 -3224
 1040
 1720
 -1574
 6498
 -4602
 -5493
 1432
 -7683
 4842
 5629
 6289
 -1398
 5016
 6804
 4920
 -7634
 -2458
 -7918
 6172
 6536
 2958
 -6988
 -7041
 -3216
 4854
 6232
 -6521
 7867
 -1883
 3882
 -5432
 -7671
 7244
 2536
 3689
 -4922
 -4215
 2533
 7792
 1156
 4610
 5366
 987
 -6837
 -305
 5422
 5294
 -1113
 -6999
 -7951
 -3415
 5224
 1186
 -679
 -6949
 4766
 -406
 4579
 550
 2393
 2433
 -4913
 -7185
 -2485
 4530
 4275
 -897
 5453
 2019
 -6239
 3945
 2805
 -2676
 -4379
 5598
 -5387
 -7684
 6816
 -539
 -4638
 -6657
 -7116
 3897
 6424
 -3582
 2179
 -778
 6084
 -6365
 -6013
 1461
 5544
 -4848
 4917
 4807
 -4912
 -6493
 4135
 -3153
 -1847
 -676
 5169
 7887
 -1344
 -3899
 3156
 6988
 2307
 5830
 5619
 7073
 6248
 3348
 -2471
 3560
 2882
 -3918
 -5819
 6357
 -4628
 -4898
 6049
 -2255
 6557
 1159
 -6506
 -5174
 3079
 6956
 60
 -7213
 -2405
 -3055
 2351
 4739
 -1812
 3095
 4454
 5706
 561
 -3019
 -4650
 -5884
 -784
 -452
 -997
 -1330
 -1041
 5332
 -3056
 6406
 953
 7474
 -995
 -3059
 -7444
 1445
 -5045
 2666
 -7843
 4316
 -832
 7640
 4369
 4191
 6745
 -5892
 6748
 4351
 5209
 1808
 -4811
 6567
 -3623
 -5617
 -7138
 -5487
 -7104
 6634
 810
 -3963
 -3332
 -392
 7505
 -1086
 -2846
 -5408
 7231
 3832
 7507
 1827
 -1149
 1355
 5645
 -1743
 155
 -5555
 -1209
 2679
 -121
 3688
 -1318
 -5667
 -3538
 -4581
 -5767
 2758
 903
 283
 4368
 963
 7470
 1701
 124
 -1025
 1979
 -3388
 -7850
 5220
 -6859
 -5565
 1257
 3872
 -6391
 5301
 6917
 495
 -936
 3944
 -4528
 3723
 885
 -2439
 3930
 -3417
 7675
 -7148
 229
 -703
 2768
 -1479
 -6202
 -3601
 408
 4475
 5593
 2851
 3551
 2581
 -6315
 -7416
 -2396
 3675
 -7353
 -6039
 5731
 -1408
 7342
 5773
 1206
 2106
 4076
 2305
 4795
 -1038
 5438
 -511
 -1171
 -4973
 -1520
 2168
 -3282
 -6123
 -7370
 4804
 -7121
 -1704
 -7961
 -3071
 -3495
 -788
 5760
 -2101
 6841
 -2157
 -2173
 -6924
 -5507
 6202
 -312
 4287
 2109
 7001
 -5535
 -6981
 -5716
 -6206
 -950
 2553
 234
 1185
 -7590
 2339
 139
 -4519
 5808
 -782
 -1926
 -1830
 3733
 -2056
 755
 -1189
 688
 -5602
 2567
 -5358
 6832
 288
 -607
 -4669
 7999
 -714
 -2445
 -7903
 -75
 -5228
 6677
 -4054
 1662
 1223
 -5751
 -4137
 -5013
 -5169
 5866
 1283
 6032
 -4773
 7506
 -6221
 1517
 5208
 3476
 -5205
 1403
 3721
 7467
 -5689
 -6453
 -1978
 4068
 5997
 -474
 3319
 5424
 272
 -1591
 220
 -726
 -6578
 6530
 -3139
 -707
 5354
 -1618
 -8000
 6974
 -1685
 566
 1354
 5487
 6703
 3558
 5472
 2917
 661
 4483
 7718
 -6443
